4 1 2 3
10 10
-10 10
-10 -10
10 -10
3 1 2 3
-10 -10
10 -10
0 10
948 339 464 763
6612 7172
6579 7173
6545 7174
6510 7175
6474 7176
6437 7177
6399 7178
6360 7179
6320 7180
6279 7181
6237 7182
6194 7183
6150 7184
6105 7185
6059 7186
6012 7187
5964 7188
5915 7189
5865 7190
5814 7191
5762 7192
5709 7193
5655 7194
5600 7195
5544 7196
5487 7197
5429 7198
5370 7199
5310 7200
5249 7201
5187 7202
5124 7203
5060 7204
4995 7205
4929 7206
4862 7207
4794 7208
4725 7209
4655 7210
4584 7211
4512 7212
4439 7213
4365 7214
4290 7215
4214 7216
4137 7217
4059 7218
3980 7219
3900 7220
3819 7221
3737 7222
3654 7223
3570 7224
3485 7225
3399 7226
3312 7227
3224 7228
3135 7229
3045 7230
2954 7231
2862 7232
2769 7233
2675 7234
2580 7235
2484 7236
2387 7237
2289 7238
2190 7239
2090 7240
1989 7241
1887 7242
1784 7243
1680 7244
1575 7245
1469 7246
1362 7247
1254 7248
1145 7249
1035 7250
924 7251
812 7252
699 7253
585 7254
470 7255
354 7256
237 7257
119 7258
0 7259
-119 7258
-237 7257
-354 7256
-470 7255
-585 7254
-699 7253
-812 7252
-924 7251
-1035 7250
-1145 7249
-1254 7248
-1362 7247
-1469 7246
-1575 7245
-1680 7244
-1784 7243
-1887 7242
-1989 7241
-2090 7240
-2190 7239
-2289 7238
-2387 7237
-2484 7236
-2580 7235
-2675 7234
-2769 7233
-2862 7232
-2954 7231
-3045 7230
-3135 7229
-3224 7228
-3312 7227
-3399 7226
-3485 7225
-3570 7224
-3654 7223
-3737 7222
-3819 7221
-3900 7220
-3980 7219
-4059 7218
-4137 7217
-4214 7216
-4290 7215
-4365 7214
-4439 7213
-4512 7212
-4584 7211
-4655 7210
-4725 7209
-4794 7208
-4862 7207
-4929 7206
-4995 7205
-5060 7204
-5124 7203
-5187 7202
-5249 7201
-5310 7200
-5370 7199
-5429 7198
-5487 7197
-5544 7196
-5600 7195
-5655 7194
-5709 7193
-5762 7192
-5814 7191
-5865 7190
-5915 7189
-5964 7188
-6012 7187
-6059 7186
-6105 7185
-6150 7184
-6194 7183
-6237 7182
-6279 7181
-6320 7180
-6360 7179
-6399 7178
-6437 7177
-6474 7176
-6510 7175
-6545 7174
-6579 7173
-6612 7172
-6644 7171
-6675 7170
-6705 7169
-6734 7168
-6762 7167
-6789 7166
-6815 7165
-6840 7164
-6864 7163
-6887 7162
-6909 7161
-6930 7160
-6950 7159
-6969 7158
-6987 7157
-7004 7156
-7020 7155
-7035 7154
-7049 7153
-7062 7152
-7074 7151
-7085 7150
-7095 7149
-7104 7148
-7112 7147
-7119 7146
-7125 7145
-7130 7144
-7134 7143
-7137 7142
-7139 7141
-7141 7139
-7142 7137
-7143 7134
-7144 7130
-7145 7125
-7146 7119
-7147 7112
-7148 7104
-7149 7095
-7150 7085
-7151 7074
-7152 7062
-7153 7049
-7154 7035
-7155 7020
-7156 7004
-7157 6987
-7158 6969
-7159 6950
-7160 6930
-7161 6909
-7162 6887
-7163 6864
-7164 6840
-7165 6815
-7166 6789
-7167 6762
-7168 6734
-7169 6705
-7170 6675
-7171 6644
-7172 6612
-7173 6579
-7174 6545
-7175 6510
-7176 6474
-7177 6437
-7178 6399
-7179 6360
-7180 6320
-7181 6279
-7182 6237
-7183 6194
-7184 6150
-7185 6105
-7186 6059
-7187 6012
-7188 5964
-7189 5915
-7190 5865
-7191 5814
-7192 5762
-7193 5709
-7194 5655
-7195 5600
-7196 5544
-7197 5487
-7198 5429
-7199 5370
-7200 5310
-7201 5249
-7202 5187
-7203 5124
-7204 5060
-7205 4995
-7206 4929
-7207 4862
-7208 4794
-7209 4725
-7210 4655
-7211 4584
-7212 4512
-7213 4439
-7214 4365
-7215 4290
-7216 4214
-7217 4137
-7218 4059
-7219 3980
-7220 3900
-7221 3819
-7222 3737
-7223 3654
-7224 3570
-7225 3485
-7226 3399
-7227 3312
-7228 3224
-7229 3135
-7230 3045
-7231 2954
-7232 2862
-7233 2769
-7234 2675
-7235 2580
-7236 2484
-7237 2387
-7238 2289
-7239 2190
-7240 2090
-7241 1989
-7242 1887
-7243 1784
-7244 1680
-7245 1575
-7246 1469
-7247 1362
-7248 1254
-7249 1145
-7250 1035
-7251 924
-7252 812
-7253 699
-7254 585
-7255 470
-7256 354
-7257 237
-7258 119
-7259 0
-7258 -119
-7257 -237
-7256 -354
-7255 -470
-7254 -585
-7253 -699
-7252 -812
-7251 -924
-7250 -1035
-7249 -1145
-7248 -1254
-7247 -1362
-7246 -1469
-7245 -1575
-7244 -1680
-7243 -1784
-7242 -1887
-7241 -1989
-7240 -2090
-7239 -2190
-7238 -2289
-7237 -2387
-7236 -2484
-7235 -2580
-7234 -2675
-7233 -2769
-7232 -2862
-7231 -2954
-7230 -3045
-7229 -3135
-7228 -3224
-7227 -3312
-7226 -3399
-7225 -3485
-7224 -3570
-7223 -3654
-7222 -3737
-7221 -3819
-7220 -3900
-7219 -3980
-7218 -4059
-7217 -4137
-7216 -4214
-7215 -4290
-7214 -4365
-7213 -4439
-7212 -4512
-7211 -4584
-7210 -4655
-7209 -4725
-7208 -4794
-7207 -4862
-7206 -4929
-7205 -4995
-7204 -5060
-7203 -5124
-7202 -5187
-7201 -5249
-7200 -5310
-7199 -5370
-7198 -5429
-7197 -5487
-7196 -5544
-7195 -5600
-7194 -5655
-7193 -5709
-7192 -5762
-7191 -5814
-7190 -5865
-7189 -5915
-7188 -5964
-7187 -6012
-7186 -6059
-7185 -6105
-7184 -6150
-7183 -6194
-7182 -6237
-7181 -6279
-7180 -6320
-7179 -6360
-7178 -6399
-7177 -6437
-7176 -6474
-7175 -6510
-7174 -6545
-7173 -6579
-7172 -6612
-7171 -6644
-7170 -6675
-7169 -6705
-7168 -6734
-7167 -6762
-7166 -6789
-7165 -6815
-7164 -6840
-7163 -6864
-7162 -6887
-7161 -6909
-7160 -6930
-7159 -6950
-7158 -6969
-7157 -6987
-7156 -7004
-7155 -7020
-7154 -7035
-7153 -7049
-7152 -7062
-7151 -7074
-7150 -7085
-7149 -7095
-7148 -7104
-7147 -7112
-7146 -7119
-7145 -7125
-7144 -7130
-7143 -7134
-7142 -7137
-7141 -7139
-7139 -7141
-7137 -7142
-7134 -7143
-7130 -7144
-7125 -7145
-7119 -7146
-7112 -7147
-7104 -7148
-7095 -7149
-7085 -7150
-7074 -7151
-7062 -7152
-7049 -7153
-7035 -7154
-7020 -7155
-7004 -7156
-6987 -7157
-6969 -7158
-6950 -7159
-6930 -7160
-6909 -7161
-6887 -7162
-6864 -7163
-6840 -7164
-6815 -7165
-6789 -7166
-6762 -7167
-6734 -7168
-6705 -7169
-6675 -7170
-6644 -7171
-6612 -7172
-6579 -7173
-6545 -7174
-6510 -7175
-6474 -7176
-6437 -7177
-6399 -7178
-6360 -7179
-6320 -7180
-6279 -7181
-6237 -7182
-6194 -7183
-6150 -7184
-6105 -7185
-6059 -7186
-6012 -7187
-5964 -7188
-5915 -7189
-5865 -7190
-5814 -7191
-5762 -7192
-5709 -7193
-5655 -7194
-5600 -7195
-5544 -7196
-5487 -7197
-5429 -7198
-5370 -7199
-5310 -7200
-5249 -7201
-5187 -7202
-5124 -7203
-5060 -7204
-4995 -7205
-4929 -7206
-4862 -7207
-4794 -7208
-4725 -7209
-4655 -7210
-4584 -7211
-4512 -7212
-4439 -7213
-4365 -7214
-4290 -7215
-4214 -7216
-4137 -7217
-4059 -7218
-3980 -7219
-3900 -7220
-3819 -7221
-3737 -7222
-3654 -7223
-3570 -7224
-3485 -7225
-3399 -7226
-3312 -7227
-3224 -7228
-3135 -7229
-3045 -7230
-2954 -7231
-2862 -7232
-2769 -7233
-2675 -7234
-2580 -7235
-2484 -7236
-2387 -7237
-2289 -7238
-2190 -7239
-2090 -7240
-1989 -7241
-1887 -7242
-1784 -7243
-1680 -7244
-1575 -7245
-1469 -7246
-1362 -7247
-1254 -7248
-1145 -7249
-1035 -7250
-924 -7251
-812 -7252
-699 -7253
-585 -7254
-470 -7255
-354 -7256
-237 -7257
-119 -7258
0 -7259
119 -7258
237 -7257
354 -7256
470 -7255
585 -7254
699 -7253
812 -7252
924 -7251
1035 -7250
1145 -7249
1254 -7248
1362 -7247
1469 -7246
1575 -7245
1680 -7244
1784 -7243
1887 -7242
1989 -7241
2090 -7240
2190 -7239
2289 -7238
2387 -7237
2484 -7236
2580 -7235
2675 -7234
2769 -7233
2862 -7232
2954 -7231
3045 -7230
3135 -7229
3224 -7228
3312 -7227
3399 -7226
3485 -7225
3570 -7224
3654 -7223
3737 -7222
3819 -7221
3900 -7220
3980 -7219
4059 -7218
4137 -7217
4214 -7216
4290 -7215
4365 -7214
4439 -7213
4512 -7212
4584 -7211
4655 -7210
4725 -7209
4794 -7208
4862 -7207
4929 -7206
4995 -7205
5060 -7204
5124 -7203
5187 -7202
5249 -7201
5310 -7200
5370 -7199
5429 -7198
5487 -7197
5544 -7196
5600 -7195
5655 -7194
5709 -7193
5762 -7192
5814 -7191
5865 -7190
5915 -7189
5964 -7188
6012 -7187
6059 -7186
6105 -7185
6150 -7184
6194 -7183
6237 -7182
6279 -7181
6320 -7180
6360 -7179
6399 -7178
6437 -7177
6474 -7176
6510 -7175
6545 -7174
6579 -7173
6612 -7172
6644 -7171
6675 -7170
6705 -7169
6734 -7168
6762 -7167
6789 -7166
6815 -7165
6840 -7164
6864 -7163
6887 -7162
6909 -7161
6930 -7160
6950 -7159
6969 -7158
6987 -7157
7004 -7156
7020 -7155
7035 -7154
7049 -7153
7062 -7152
7074 -7151
7085 -7150
7095 -7149
7104 -7148
7112 -7147
7119 -7146
7125 -7145
7130 -7144
7134 -7143
7137 -7142
7139 -7141
7141 -7139
7142 -7137
7143 -7134
7144 -7130
7145 -7125
7146 -7119
7147 -7112
7148 -7104
7149 -7095
7150 -7085
7151 -7074
7152 -7062
7153 -7049
7154 -7035
7155 -7020
7156 -7004
7157 -6987
7158 -6969
7159 -6950
7160 -6930
7161 -6909
7162 -6887
7163 -6864
7164 -6840
7165 -6815
7166 -6789
7167 -6762
7168 -6734
7169 -6705
7170 -6675
7171 -6644
7172 -6612
7173 -6579
7174 -6545
7175 -6510
7176 -6474
7177 -6437
7178 -6399
7179 -6360
7180 -6320
7181 -6279
7182 -6237
7183 -6194
7184 -6150
7185 -6105
7186 -6059
7187 -6012
7188 -5964
7189 -5915
7190 -5865
7191 -5814
7192 -5762
7193 -5709
7194 -5655
7195 -5600
7196 -5544
7197 -5487
7198 -5429
7199 -5370
7200 -5310
7201 -5249
7202 -5187
7203 -5124
7204 -5060
7205 -4995
7206 -4929
7207 -4862
7208 -4794
7209 -4725
7210 -4655
7211 -4584
7212 -4512
7213 -4439
7214 -4365
7215 -4290
7216 -4214
7217 -4137
7218 -4059
7219 -3980
7220 -3900
7221 -3819
7222 -3737
7223 -3654
7224 -3570
7225 -3485
7226 -3399
7227 -3312
7228 -3224
7229 -3135
7230 -3045
7231 -2954
7232 -2862
7233 -2769
7234 -2675
7235 -2580
7236 -2484
7237 -2387
7238 -2289
7239 -2190
7240 -2090
7241 -1989
7242 -1887
7243 -1784
7244 -1680
7245 -1575
7246 -1469
7247 -1362
7248 -1254
7249 -1145
7250 -1035
7251 -924
7252 -812
7253 -699
7254 -585
7255 -470
7256 -354
7257 -237
7258 -119
7259 0
7258 119
7257 237
7256 354
7255 470
7254 585
7253 699
7252 812
7251 924
7250 1035
7249 1145
7248 1254
7247 1362
7246 1469
7245 1575
7244 1680
7243 1784
7242 1887
7241 1989
7240 2090
7239 2190
7238 2289
7237 2387
7236 2484
7235 2580
7234 2675
7233 2769
7232 2862
7231 2954
7230 3045
7229 3135
7228 3224
7227 3312
7226 3399
7225 3485
7224 3570
7223 3654
7222 3737
7221 3819
7220 3900
7219 3980
7218 4059
7217 4137
7216 4214
7215 4290
7214 4365
7213 4439
7212 4512
7211 4584
7210 4655
7209 4725
7208 4794
7207 4862
7206 4929
7205 4995
7204 5060
7203 5124
7202 5187
7201 5249
7200 5310
7199 5370
7198 5429
7197 5487
7196 5544
7195 5600
7194 5655
7193 5709
7192 5762
7191 5814
7190 5865
7189 5915
7188 5964
7187 6012
7186 6059
7185 6105
7184 6150
7183 6194
7182 6237
7181 6279
7180 6320
7179 6360
7178 6399
7177 6437
7176 6474
7175 6510
7174 6545
7173 6579
7172 6612
7171 6644
7170 6675
7169 6705
7168 6734
7167 6762
7166 6789
7165 6815
7164 6840
7163 6864
7162 6887
7161 6909
7160 6930
7159 6950
7158 6969
7157 6987
7156 7004
7155 7020
7154 7035
7153 7049
7152 7062
7151 7074
7150 7085
7149 7095
7148 7104
7147 7112
7146 7119
7145 7125
7144 7130
7143 7134
7142 7137
7141 7139
7139 7141
7137 7142
7134 7143
7130 7144
7125 7145
7119 7146
7112 7147
7104 7148
7095 7149
7085 7150
7074 7151
7062 7152
7049 7153
7035 7154
7020 7155
7004 7156
6987 7157
6969 7158
6950 7159
6930 7160
6909 7161
6887 7162
6864 7163
6840 7164
6815 7165
6789 7166
6762 7167
6734 7168
6705 7169
6675 7170
6644 7171
948 476 768 812
-7185 6105
-7186 6059
-7187 6012
-7188 5964
-7189 5915
-7190 5865
-7191 5814
-7192 5762
-7193 5709
-7194 5655
-7195 5600
-7196 5544
-7197 5487
-7198 5429
-7199 5370
-7200 5310
-7201 5249
-7202 5187
-7203 5124
-7204 5060
-7205 4995
-7206 4929
-7207 4862
-7208 4794
-7209 4725
-7210 4655
-7211 4584
-7212 4512
-7213 4439
-7214 4365
-7215 4290
-7216 4214
-7217 4137
-7218 4059
-7219 3980
-7220 3900
-7221 3819
-7222 3737
-7223 3654
-7224 3570
-7225 3485
-7226 3399
-7227 3312
-7228 3224
-7229 3135
-7230 3045
-7231 2954
-7232 2862
-7233 2769
-7234 2675
-7235 2580
-7236 2484
-7237 2387
-7238 2289
-7239 2190
-7240 2090
-7241 1989
-7242 1887
-7243 1784
-7244 1680
-7245 1575
-7246 1469
-7247 1362
-7248 1254
-7249 1145
-7250 1035
-7251 924
-7252 812
-7253 699
-7254 585
-7255 470
-7256 354
-7257 237
-7258 119
-7259 0
-7258 -119
-7257 -237
-7256 -354
-7255 -470
-7254 -585
-7253 -699
-7252 -812
-7251 -924
-7250 -1035
-7249 -1145
-7248 -1254
-7247 -1362
-7246 -1469
-7245 -1575
-7244 -1680
-7243 -1784
-7242 -1887
-7241 -1989
-7240 -2090
-7239 -2190
-7238 -2289
-7237 -2387
-7236 -2484
-7235 -2580
-7234 -2675
-7233 -2769
-7232 -2862
-7231 -2954
-7230 -3045
-7229 -3135
-7228 -3224
-7227 -3312
-7226 -3399
-7225 -3485
-7224 -3570
-7223 -3654
-7222 -3737
-7221 -3819
-7220 -3900
-7219 -3980
-7218 -4059
-7217 -4137
-7216 -4214
-7215 -4290
-7214 -4365
-7213 -4439
-7212 -4512
-7211 -4584
-7210 -4655
-7209 -4725
-7208 -4794
-7207 -4862
-7206 -4929
-7205 -4995
-7204 -5060
-7203 -5124
-7202 -5187
-7201 -5249
-7200 -5310
-7199 -5370
-7198 -5429
-7197 -5487
-7196 -5544
-7195 -5600
-7194 -5655
-7193 -5709
-7192 -5762
-7191 -5814
-7190 -5865
-7189 -5915
-7188 -5964
-7187 -6012
-7186 -6059
-7185 -6105
-7184 -6150
-7183 -6194
-7182 -6237
-7181 -6279
-7180 -6320
-7179 -6360
-7178 -6399
-7177 -6437
-7176 -6474
-7175 -6510
-7174 -6545
-7173 -6579
-7172 -6612
-7171 -6644
-7170 -6675
-7169 -6705
-7168 -6734
-7167 -6762
-7166 -6789
-7165 -6815
-7164 -6840
-7163 -6864
-7162 -6887
-7161 -6909
-7160 -6930
-7159 -6950
-7158 -6969
-7157 -6987
-7156 -7004
-7155 -7020
-7154 -7035
-7153 -7049
-7152 -7062
-7151 -7074
-7150 -7085
-7149 -7095
-7148 -7104
-7147 -7112
-7146 -7119
-7145 -7125
-7144 -7130
-7143 -7134
-7142 -7137
-7141 -7139
-7139 -7141
-7137 -7142
-7134 -7143
-7130 -7144
-7125 -7145
-7119 -7146
-7112 -7147
-7104 -7148
-7095 -7149
-7085 -7150
-7074 -7151
-7062 -7152
-7049 -7153
-7035 -7154
-7020 -7155
-7004 -7156
-6987 -7157
-6969 -7158
-6950 -7159
-6930 -7160
-6909 -7161
-6887 -7162
-6864 -7163
-6840 -7164
-6815 -7165
-6789 -7166
-6762 -7167
-6734 -7168
-6705 -7169
-6675 -7170
-6644 -7171
-6612 -7172
-6579 -7173
-6545 -7174
-6510 -7175
-6474 -7176
-6437 -7177
-6399 -7178
-6360 -7179
-6320 -7180
-6279 -7181
-6237 -7182
-6194 -7183
-6150 -7184
-6105 -7185
-6059 -7186
-6012 -7187
-5964 -7188
-5915 -7189
-5865 -7190
-5814 -7191
-5762 -7192
-5709 -7193
-5655 -7194
-5600 -7195
-5544 -7196
-5487 -7197
-5429 -7198
-5370 -7199
-5310 -7200
-5249 -7201
-5187 -7202
-5124 -7203
-5060 -7204
-4995 -7205
-4929 -7206
-4862 -7207
-4794 -7208
-4725 -7209
-4655 -7210
-4584 -7211
-4512 -7212
-4439 -7213
-4365 -7214
-4290 -7215
-4214 -7216
-4137 -7217
-4059 -7218
-3980 -7219
-3900 -7220
-3819 -7221
-3737 -7222
-3654 -7223
-3570 -7224
-3485 -7225
-3399 -7226
-3312 -7227
-3224 -7228
-3135 -7229
-3045 -7230
-2954 -7231
-2862 -7232
-2769 -7233
-2675 -7234
-2580 -7235
-2484 -7236
-2387 -7237
-2289 -7238
-2190 -7239
-2090 -7240
-1989 -7241
-1887 -7242
-1784 -7243
-1680 -7244
-1575 -7245
-1469 -7246
-1362 -7247
-1254 -7248
-1145 -7249
-1035 -7250
-924 -7251
-812 -7252
-699 -7253
-585 -7254
-470 -7255
-354 -7256
-237 -7257
-119 -7258
0 -7259
119 -7258
237 -7257
354 -7256
470 -7255
585 -7254
699 -7253
812 -7252
924 -7251
1035 -7250
1145 -7249
1254 -7248
1362 -7247
1469 -7246
1575 -7245
1680 -7244
1784 -7243
1887 -7242
1989 -7241
2090 -7240
2190 -7239
2289 -7238
2387 -7237
2484 -7236
2580 -7235
2675 -7234
2769 -7233
2862 -7232
2954 -7231
3045 -7230
3135 -7229
3224 -7228
3312 -7227
3399 -7226
3485 -7225
3570 -7224
3654 -7223
3737 -7222
3819 -7221
3900 -7220
3980 -7219
4059 -7218
4137 -7217
4214 -7216
4290 -7215
4365 -7214
4439 -7213
4512 -7212
4584 -7211
4655 -7210
4725 -7209
4794 -7208
4862 -7207
4929 -7206
4995 -7205
5060 -7204
5124 -7203
5187 -7202
5249 -7201
5310 -7200
5370 -7199
5429 -7198
5487 -7197
5544 -7196
5600 -7195
5655 -7194
5709 -7193
5762 -7192
5814 -7191
5865 -7190
5915 -7189
5964 -7188
6012 -7187
6059 -7186
6105 -7185
6150 -7184
6194 -7183
6237 -7182
6279 -7181
6320 -7180
6360 -7179
6399 -7178
6437 -7177
6474 -7176
6510 -7175
6545 -7174
6579 -7173
6612 -7172
6644 -7171
6675 -7170
6705 -7169
6734 -7168
6762 -7167
6789 -7166
6815 -7165
6840 -7164
6864 -7163
6887 -7162
6909 -7161
6930 -7160
6950 -7159
6969 -7158
6987 -7157
7004 -7156
7020 -7155
7035 -7154
7049 -7153
7062 -7152
7074 -7151
7085 -7150
7095 -7149
7104 -7148
7112 -7147
7119 -7146
7125 -7145
7130 -7144
7134 -7143
7137 -7142
7139 -7141
7141 -7139
7142 -7137
7143 -7134
7144 -7130
7145 -7125
7146 -7119
7147 -7112
7148 -7104
7149 -7095
7150 -7085
7151 -7074
7152 -7062
7153 -7049
7154 -7035
7155 -7020
7156 -7004
7157 -6987
7158 -6969
7159 -6950
7160 -6930
7161 -6909
7162 -6887
7163 -6864
7164 -6840
7165 -6815
7166 -6789
7167 -6762
7168 -6734
7169 -6705
7170 -6675
7171 -6644
7172 -6612
7173 -6579
7174 -6545
7175 -6510
7176 -6474
7177 -6437
7178 -6399
7179 -6360
7180 -6320
7181 -6279
7182 -6237
7183 -6194
7184 -6150
7185 -6105
7186 -6059
7187 -6012
7188 -5964
7189 -5915
7190 -5865
7191 -5814
7192 -5762
7193 -5709
7194 -5655
7195 -5600
7196 -5544
7197 -5487
7198 -5429
7199 -5370
7200 -5310
7201 -5249
7202 -5187
7203 -5124
7204 -5060
7205 -4995
7206 -4929
7207 -4862
7208 -4794
7209 -4725
7210 -4655
7211 -4584
7212 -4512
7213 -4439
7214 -4365
7215 -4290
7216 -4214
7217 -4137
7218 -4059
7219 -3980
7220 -3900
7221 -3819
7222 -3737
7223 -3654
7224 -3570
7225 -3485
7226 -3399
7227 -3312
7228 -3224
7229 -3135
7230 -3045
7231 -2954
7232 -2862
7233 -2769
7234 -2675
7235 -2580
7236 -2484
7237 -2387
7238 -2289
7239 -2190
7240 -2090
7241 -1989
7242 -1887
7243 -1784
7244 -1680
7245 -1575
7246 -1469
7247 -1362
7248 -1254
7249 -1145
7250 -1035
7251 -924
7252 -812
7253 -699
7254 -585
7255 -470
7256 -354
7257 -237
7258 -119
7259 0
7258 119
7257 237
7256 354
7255 470
7254 585
7253 699
7252 812
7251 924
7250 1035
7249 1145
7248 1254
7247 1362
7246 1469
7245 1575
7244 1680
7243 1784
7242 1887
7241 1989
7240 2090
7239 2190
7238 2289
7237 2387
7236 2484
7235 2580
7234 2675
7233 2769
7232 2862
7231 2954
7230 3045
7229 3135
7228 3224
7227 3312
7226 3399
7225 3485
7224 3570
7223 3654
7222 3737
7221 3819
7220 3900
7219 3980
7218 4059
7217 4137
7216 4214
7215 4290
7214 4365
7213 4439
7212 4512
7211 4584
7210 4655
7209 4725
7208 4794
7207 4862
7206 4929
7205 4995
7204 5060
7203 5124
7202 5187
7201 5249
7200 5310
7199 5370
7198 5429
7197 5487
7196 5544
7195 5600
7194 5655
7193 5709
7192 5762
7191 5814
7190 5865
7189 5915
7188 5964
7187 6012
7186 6059
7185 6105
7184 6150
7183 6194
7182 6237
7181 6279
7180 6320
7179 6360
7178 6399
7177 6437
7176 6474
7175 6510
7174 6545
7173 6579
7172 6612
7171 6644
7170 6675
7169 6705
7168 6734
7167 6762
7166 6789
7165 6815
7164 6840
7163 6864
7162 6887
7161 6909
7160 6930
7159 6950
7158 6969
7157 6987
7156 7004
7155 7020
7154 7035
7153 7049
7152 7062
7151 7074
7150 7085
7149 7095
7148 7104
7147 7112
7146 7119
7145 7125
7144 7130
7143 7134
7142 7137
7141 7139
7139 7141
7137 7142
7134 7143
7130 7144
7125 7145
7119 7146
7112 7147
7104 7148
7095 7149
7085 7150
7074 7151
7062 7152
7049 7153
7035 7154
7020 7155
7004 7156
6987 7157
6969 7158
6950 7159
6930 7160
6909 7161
6887 7162
6864 7163
6840 7164
6815 7165
6789 7166
6762 7167
6734 7168
6705 7169
6675 7170
6644 7171
6612 7172
6579 7173
6545 7174
6510 7175
6474 7176
6437 7177
6399 7178
6360 7179
6320 7180
6279 7181
6237 7182
6194 7183
6150 7184
6105 7185
6059 7186
6012 7187
5964 7188
5915 7189
5865 7190
5814 7191
5762 7192
5709 7193
5655 7194
5600 7195
5544 7196
5487 7197
5429 7198
5370 7199
5310 7200
5249 7201
5187 7202
5124 7203
5060 7204
4995 7205
4929 7206
4862 7207
4794 7208
4725 7209
4655 7210
4584 7211
4512 7212
4439 7213
4365 7214
4290 7215
4214 7216
4137 7217
4059 7218
3980 7219
3900 7220
3819 7221
3737 7222
3654 7223
3570 7224
3485 7225
3399 7226
3312 7227
3224 7228
3135 7229
3045 7230
2954 7231
2862 7232
2769 7233
2675 7234
2580 7235
2484 7236
2387 7237
2289 7238
2190 7239
2090 7240
1989 7241
1887 7242
1784 7243
1680 7244
1575 7245
1469 7246
1362 7247
1254 7248
1145 7249
1035 7250
924 7251
812 7252
699 7253
585 7254
470 7255
354 7256
237 7257
119 7258
0 7259
-119 7258
-237 7257
-354 7256
-470 7255
-585 7254
-699 7253
-812 7252
-924 7251
-1035 7250
-1145 7249
-1254 7248
-1362 7247
-1469 7246
-1575 7245
-1680 7244
-1784 7243
-1887 7242
-1989 7241
-2090 7240
-2190 7239
-2289 7238
-2387 7237
-2484 7236
-2580 7235
-2675 7234
-2769 7233
-2862 7232
-2954 7231
-3045 7230
-3135 7229
-3224 7228
-3312 7227
-3399 7226
-3485 7225
-3570 7224
-3654 7223
-3737 7222
-3819 7221
-3900 7220
-3980 7219
-4059 7218
-4137 7217
-4214 7216
-4290 7215
-4365 7214
-4439 7213
-4512 7212
-4584 7211
-4655 7210
-4725 7209
-4794 7208
-4862 7207
-4929 7206
-4995 7205
-5060 7204
-5124 7203
-5187 7202
-5249 7201
-5310 7200
-5370 7199
-5429 7198
-5487 7197
-5544 7196
-5600 7195
-5655 7194
-5709 7193
-5762 7192
-5814 7191
-5865 7190
-5915 7189
-5964 7188
-6012 7187
-6059 7186
-6105 7185
-6150 7184
-6194 7183
-6237 7182
-6279 7181
-6320 7180
-6360 7179
-6399 7178
-6437 7177
-6474 7176
-6510 7175
-6545 7174
-6579 7173
-6612 7172
-6644 7171
-6675 7170
-6705 7169
-6734 7168
-6762 7167
-6789 7166
-6815 7165
-6840 7164
-6864 7163
-6887 7162
-6909 7161
-6930 7160
-6950 7159
-6969 7158
-6987 7157
-7004 7156
-7020 7155
-7035 7154
-7049 7153
-7062 7152
-7074 7151
-7085 7150
-7095 7149
-7104 7148
-7112 7147
-7119 7146
-7125 7145
-7130 7144
-7134 7143
-7137 7142
-7139 7141
-7141 7139
-7142 7137
-7143 7134
-7144 7130
-7145 7125
-7146 7119
-7147 7112
-7148 7104
-7149 7095
-7150 7085
-7151 7074
-7152 7062
-7153 7049
-7154 7035
-7155 7020
-7156 7004
-7157 6987
-7158 6969
-7159 6950
-7160 6930
-7161 6909
-7162 6887
-7163 6864
-7164 6840
-7165 6815
-7166 6789
-7167 6762
-7168 6734
-7169 6705
-7170 6675
-7171 6644
-7172 6612
-7173 6579
-7174 6545
-7175 6510
-7176 6474
-7177 6437
-7178 6399
-7179 6360
-7180 6320
-7181 6279
-7182 6237
-7183 6194
-7184 6150
948 81 198 520
5655 -7194
5709 -7193
5762 -7192
5814 -7191
5865 -7190
5915 -7189
5964 -7188
6012 -7187
6059 -7186
6105 -7185
6150 -7184
6194 -7183
6237 -7182
6279 -7181
6320 -7180
6360 -7179
6399 -7178
6437 -7177
6474 -7176
6510 -7175
6545 -7174
6579 -7173
6612 -7172
6644 -7171
6675 -7170
6705 -7169
6734 -7168
6762 -7167
6789 -7166
6815 -7165
6840 -7164
6864 -7163
6887 -7162
6909 -7161
6930 -7160
6950 -7159
6969 -7158
6987 -7157
7004 -7156
7020 -7155
7035 -7154
7049 -7153
7062 -7152
7074 -7151
7085 -7150
7095 -7149
7104 -7148
7112 -7147
7119 -7146
7125 -7145
7130 -7144
7134 -7143
7137 -7142
7139 -7141
7141 -7139
7142 -7137
7143 -7134
7144 -7130
7145 -7125
7146 -7119
7147 -7112
7148 -7104
7149 -7095
7150 -7085
7151 -7074
7152 -7062
7153 -7049
7154 -7035
7155 -7020
7156 -7004
7157 -6987
7158 -6969
7159 -6950
7160 -6930
7161 -6909
7162 -6887
7163 -6864
7164 -6840
7165 -6815
7166 -6789
7167 -6762
7168 -6734
7169 -6705
7170 -6675
7171 -6644
7172 -6612
7173 -6579
7174 -6545
7175 -6510
7176 -6474
7177 -6437
7178 -6399
7179 -6360
7180 -6320
7181 -6279
7182 -6237
7183 -6194
7184 -6150
7185 -6105
7186 -6059
7187 -6012
7188 -5964
7189 -5915
7190 -5865
7191 -5814
7192 -5762
7193 -5709
7194 -5655
7195 -5600
7196 -5544
7197 -5487
7198 -5429
7199 -5370
7200 -5310
7201 -5249
7202 -5187
7203 -5124
7204 -5060
7205 -4995
7206 -4929
7207 -4862
7208 -4794
7209 -4725
7210 -4655
7211 -4584
7212 -4512
7213 -4439
7214 -4365
7215 -4290
7216 -4214
7217 -4137
7218 -4059
7219 -3980
7220 -3900
7221 -3819
7222 -3737
7223 -3654
7224 -3570
7225 -3485
7226 -3399
7227 -3312
7228 -3224
7229 -3135
7230 -3045
7231 -2954
7232 -2862
7233 -2769
7234 -2675
7235 -2580
7236 -2484
7237 -2387
7238 -2289
7239 -2190
7240 -2090
7241 -1989
7242 -1887
7243 -1784
7244 -1680
7245 -1575
7246 -1469
7247 -1362
7248 -1254
7249 -1145
7250 -1035
7251 -924
7252 -812
7253 -699
7254 -585
7255 -470
7256 -354
7257 -237
7258 -119
7259 0
7258 119
7257 237
7256 354
7255 470
7254 585
7253 699
7252 812
7251 924
7250 1035
7249 1145
7248 1254
7247 1362
7246 1469
7245 1575
7244 1680
7243 1784
7242 1887
7241 1989
7240 2090
7239 2190
7238 2289
7237 2387
7236 2484
7235 2580
7234 2675
7233 2769
7232 2862
7231 2954
7230 3045
7229 3135
7228 3224
7227 3312
7226 3399
7225 3485
7224 3570
7223 3654
7222 3737
7221 3819
7220 3900
7219 3980
7218 4059
7217 4137
7216 4214
7215 4290
7214 4365
7213 4439
7212 4512
7211 4584
7210 4655
7209 4725
7208 4794
7207 4862
7206 4929
7205 4995
7204 5060
7203 5124
7202 5187
7201 5249
7200 5310
7199 5370
7198 5429
7197 5487
7196 5544
7195 5600
7194 5655
7193 5709
7192 5762
7191 5814
7190 5865
7189 5915
7188 5964
7187 6012
7186 6059
7185 6105
7184 6150
7183 6194
7182 6237
7181 6279
7180 6320
7179 6360
7178 6399
7177 6437
7176 6474
7175 6510
7174 6545
7173 6579
7172 6612
7171 6644
7170 6675
7169 6705
7168 6734
7167 6762
7166 6789
7165 6815
7164 6840
7163 6864
7162 6887
7161 6909
7160 6930
7159 6950
7158 6969
7157 6987
7156 7004
7155 7020
7154 7035
7153 7049
7152 7062
7151 7074
7150 7085
7149 7095
7148 7104
7147 7112
7146 7119
7145 7125
7144 7130
7143 7134
7142 7137
7141 7139
7139 7141
7137 7142
7134 7143
7130 7144
7125 7145
7119 7146
7112 7147
7104 7148
7095 7149
7085 7150
7074 7151
7062 7152
7049 7153
7035 7154
7020 7155
7004 7156
6987 7157
6969 7158
6950 7159
6930 7160
6909 7161
6887 7162
6864 7163
6840 7164
6815 7165
6789 7166
6762 7167
6734 7168
6705 7169
6675 7170
6644 7171
6612 7172
6579 7173
6545 7174
6510 7175
6474 7176
6437 7177
6399 7178
6360 7179
6320 7180
6279 7181
6237 7182
6194 7183
6150 7184
6105 7185
6059 7186
6012 7187
5964 7188
5915 7189
5865 7190
5814 7191
5762 7192
5709 7193
5655 7194
5600 7195
5544 7196
5487 7197
5429 7198
5370 7199
5310 7200
5249 7201
5187 7202
5124 7203
5060 7204
4995 7205
4929 7206
4862 7207
4794 7208
4725 7209
4655 7210
4584 7211
4512 7212
4439 7213
4365 7214
4290 7215
4214 7216
4137 7217
4059 7218
3980 7219
3900 7220
3819 7221
3737 7222
3654 7223
3570 7224
3485 7225
3399 7226
3312 7227
3224 7228
3135 7229
3045 7230
2954 7231
2862 7232
2769 7233
2675 7234
2580 7235
2484 7236
2387 7237
2289 7238
2190 7239
2090 7240
1989 7241
1887 7242
1784 7243
1680 7244
1575 7245
1469 7246
1362 7247
1254 7248
1145 7249
1035 7250
924 7251
812 7252
699 7253
585 7254
470 7255
354 7256
237 7257
119 7258
0 7259
-119 7258
-237 7257
-354 7256
-470 7255
-585 7254
-699 7253
-812 7252
-924 7251
-1035 7250
-1145 7249
-1254 7248
-1362 7247
-1469 7246
-1575 7245
-1680 7244
-1784 7243
-1887 7242
-1989 7241
-2090 7240
-2190 7239
-2289 7238
-2387 7237
-2484 7236
-2580 7235
-2675 7234
-2769 7233
-2862 7232
-2954 7231
-3045 7230
-3135 7229
-3224 7228
-3312 7227
-3399 7226
-3485 7225
-3570 7224
-3654 7223
-3737 7222
-3819 7221
-3900 7220
-3980 7219
-4059 7218
-4137 7217
-4214 7216
-4290 7215
-4365 7214
-4439 7213
-4512 7212
-4584 7211
-4655 7210
-4725 7209
-4794 7208
-4862 7207
-4929 7206
-4995 7205
-5060 7204
-5124 7203
-5187 7202
-5249 7201
-5310 7200
-5370 7199
-5429 7198
-5487 7197
-5544 7196
-5600 7195
-5655 7194
-5709 7193
-5762 7192
-5814 7191
-5865 7190
-5915 7189
-5964 7188
-6012 7187
-6059 7186
-6105 7185
-6150 7184
-6194 7183
-6237 7182
-6279 7181
-6320 7180
-6360 7179
-6399 7178
-6437 7177
-6474 7176
-6510 7175
-6545 7174
-6579 7173
-6612 7172
-6644 7171
-6675 7170
-6705 7169
-6734 7168
-6762 7167
-6789 7166
-6815 7165
-6840 7164
-6864 7163
-6887 7162
-6909 7161
-6930 7160
-6950 7159
-6969 7158
-6987 7157
-7004 7156
-7020 7155
-7035 7154
-7049 7153
-7062 7152
-7074 7151
-7085 7150
-7095 7149
-7104 7148
-7112 7147
-7119 7146
-7125 7145
-7130 7144
-7134 7143
-7137 7142
-7139 7141
-7141 7139
-7142 7137
-7143 7134
-7144 7130
-7145 7125
-7146 7119
-7147 7112
-7148 7104
-7149 7095
-7150 7085
-7151 7074
-7152 7062
-7153 7049
-7154 7035
-7155 7020
-7156 7004
-7157 6987
-7158 6969
-7159 6950
-7160 6930
-7161 6909
-7162 6887
-7163 6864
-7164 6840
-7165 6815
-7166 6789
-7167 6762
-7168 6734
-7169 6705
-7170 6675
-7171 6644
-7172 6612
-7173 6579
-7174 6545
-7175 6510
-7176 6474
-7177 6437
-7178 6399
-7179 6360
-7180 6320
-7181 6279
-7182 6237
-7183 6194
-7184 6150
-7185 6105
-7186 6059
-7187 6012
-7188 5964
-7189 5915
-7190 5865
-7191 5814
-7192 5762
-7193 5709
-7194 5655
-7195 5600
-7196 5544
-7197 5487
-7198 5429
-7199 5370
-7200 5310
-7201 5249
-7202 5187
-7203 5124
-7204 5060
-7205 4995
-7206 4929
-7207 4862
-7208 4794
-7209 4725
-7210 4655
-7211 4584
-7212 4512
-7213 4439
-7214 4365
-7215 4290
-7216 4214
-7217 4137
-7218 4059
-7219 3980
-7220 3900
-7221 3819
-7222 3737
-7223 3654
-7224 3570
-7225 3485
-7226 3399
-7227 3312
-7228 3224
-7229 3135
-7230 3045
-7231 2954
-7232 2862
-7233 2769
-7234 2675
-7235 2580
-7236 2484
-7237 2387
-7238 2289
-7239 2190
-7240 2090
-7241 1989
-7242 1887
-7243 1784
-7244 1680
-7245 1575
-7246 1469
-7247 1362
-7248 1254
-7249 1145
-7250 1035
-7251 924
-7252 812
-7253 699
-7254 585
-7255 470
-7256 354
-7257 237
-7258 119
-7259 0
-7258 -119
-7257 -237
-7256 -354
-7255 -470
-7254 -585
-7253 -699
-7252 -812
-7251 -924
-7250 -1035
-7249 -1145
-7248 -1254
-7247 -1362
-7246 -1469
-7245 -1575
-7244 -1680
-7243 -1784
-7242 -1887
-7241 -1989
-7240 -2090
-7239 -2190
-7238 -2289
-7237 -2387
-7236 -2484
-7235 -2580
-7234 -2675
-7233 -2769
-7232 -2862
-7231 -2954
-7230 -3045
-7229 -3135
-7228 -3224
-7227 -3312
-7226 -3399
-7225 -3485
-7224 -3570
-7223 -3654
-7222 -3737
-7221 -3819
-7220 -3900
-7219 -3980
-7218 -4059
-7217 -4137
-7216 -4214
-7215 -4290
-7214 -4365
-7213 -4439
-7212 -4512
-7211 -4584
-7210 -4655
-7209 -4725
-7208 -4794
-7207 -4862
-7206 -4929
-7205 -4995
-7204 -5060
-7203 -5124
-7202 -5187
-7201 -5249
-7200 -5310
-7199 -5370
-7198 -5429
-7197 -5487
-7196 -5544
-7195 -5600
-7194 -5655
-7193 -5709
-7192 -5762
-7191 -5814
-7190 -5865
-7189 -5915
-7188 -5964
-7187 -6012
-7186 -6059
-7185 -6105
-7184 -6150
-7183 -6194
-7182 -6237
-7181 -6279
-7180 -6320
-7179 -6360
-7178 -6399
-7177 -6437
-7176 -6474
-7175 -6510
-7174 -6545
-7173 -6579
-7172 -6612
-7171 -6644
-7170 -6675
-7169 -6705
-7168 -6734
-7167 -6762
-7166 -6789
-7165 -6815
-7164 -6840
-7163 -6864
-7162 -6887
-7161 -6909
-7160 -6930
-7159 -6950
-7158 -6969
-7157 -6987
-7156 -7004
-7155 -7020
-7154 -7035
-7153 -7049
-7152 -7062
-7151 -7074
-7150 -7085
-7149 -7095
-7148 -7104
-7147 -7112
-7146 -7119
-7145 -7125
-7144 -7130
-7143 -7134
-7142 -7137
-7141 -7139
-7139 -7141
-7137 -7142
-7134 -7143
-7130 -7144
-7125 -7145
-7119 -7146
-7112 -7147
-7104 -7148
-7095 -7149
-7085 -7150
-7074 -7151
-7062 -7152
-7049 -7153
-7035 -7154
-7020 -7155
-7004 -7156
-6987 -7157
-6969 -7158
-6950 -7159
-6930 -7160
-6909 -7161
-6887 -7162
-6864 -7163
-6840 -7164
-6815 -7165
-6789 -7166
-6762 -7167
-6734 -7168
-6705 -7169
-6675 -7170
-6644 -7171
-6612 -7172
-6579 -7173
-6545 -7174
-6510 -7175
-6474 -7176
-6437 -7177
-6399 -7178
-6360 -7179
-6320 -7180
-6279 -7181
-6237 -7182
-6194 -7183
-6150 -7184
-6105 -7185
-6059 -7186
-6012 -7187
-5964 -7188
-5915 -7189
-5865 -7190
-5814 -7191
-5762 -7192
-5709 -7193
-5655 -7194
-5600 -7195
-5544 -7196
-5487 -7197
-5429 -7198
-5370 -7199
-5310 -7200
-5249 -7201
-5187 -7202
-5124 -7203
-5060 -7204
-4995 -7205
-4929 -7206
-4862 -7207
-4794 -7208
-4725 -7209
-4655 -7210
-4584 -7211
-4512 -7212
-4439 -7213
-4365 -7214
-4290 -7215
-4214 -7216
-4137 -7217
-4059 -7218
-3980 -7219
-3900 -7220
-3819 -7221
-3737 -7222
-3654 -7223
-3570 -7224
-3485 -7225
-3399 -7226
-3312 -7227
-3224 -7228
-3135 -7229
-3045 -7230
-2954 -7231
-2862 -7232
-2769 -7233
-2675 -7234
-2580 -7235
-2484 -7236
-2387 -7237
-2289 -7238
-2190 -7239
-2090 -7240
-1989 -7241
-1887 -7242
-1784 -7243
-1680 -7244
-1575 -7245
-1469 -7246
-1362 -7247
-1254 -7248
-1145 -7249
-1035 -7250
-924 -7251
-812 -7252
-699 -7253
-585 -7254
-470 -7255
-354 -7256
-237 -7257
-119 -7258
0 -7259
119 -7258
237 -7257
354 -7256
470 -7255
585 -7254
699 -7253
812 -7252
924 -7251
1035 -7250
1145 -7249
1254 -7248
1362 -7247
1469 -7246
1575 -7245
1680 -7244
1784 -7243
1887 -7242
1989 -7241
2090 -7240
2190 -7239
2289 -7238
2387 -7237
2484 -7236
2580 -7235
2675 -7234
2769 -7233
2862 -7232
2954 -7231
3045 -7230
3135 -7229
3224 -7228
3312 -7227
3399 -7226
3485 -7225
3570 -7224
3654 -7223
3737 -7222
3819 -7221
3900 -7220
3980 -7219
4059 -7218
4137 -7217
4214 -7216
4290 -7215
4365 -7214
4439 -7213
4512 -7212
4584 -7211
4655 -7210
4725 -7209
4794 -7208
4862 -7207
4929 -7206
4995 -7205
5060 -7204
5124 -7203
5187 -7202
5249 -7201
5310 -7200
5370 -7199
5429 -7198
5487 -7197
5544 -7196
5600 -7195
474 54 338 385
-5370 7199
-5429 7198
-5487 7197
-5544 7196
-5600 7195
-5655 7194
-5709 7193
-5762 7192
-5814 7191
-5865 7190
-5915 7189
-5964 7188
-6012 7187
-6059 7186
-6105 7185
-6150 7184
-6194 7183
-6237 7182
-6279 7181
-6320 7180
-6360 7179
-6399 7178
-6437 7177
-6474 7176
-6510 7175
-6545 7174
-6579 7173
-6612 7172
-6644 7171
-6675 7170
-6705 7169
-6734 7168
-6762 7167
-6789 7166
-6815 7165
-6840 7164
-6864 7163
-6887 7162
-6909 7161
-6930 7160
-6950 7159
-6969 7158
-6987 7157
-7004 7156
-7020 7155
-7035 7154
-7049 7153
-7062 7152
-7074 7151
-7085 7150
-7095 7149
-7104 7148
-7112 7147
-7119 7146
-7125 7145
-7130 7144
-7134 7143
-7137 7142
-7139 7141
-7141 7139
-7142 7137
-7143 7134
-7144 7130
-7145 7125
-7146 7119
-7147 7112
-7148 7104
-7149 7095
-7150 7085
-7151 7074
-7152 7062
-7153 7049
-7154 7035
-7155 7020
-7156 7004
-7157 6987
-7158 6969
-7159 6950
-7160 6930
-7161 6909
-7162 6887
-7163 6864
-7164 6840
-7165 6815
-7166 6789
-7167 6762
-7168 6734
-7169 6705
-7170 6675
-7171 6644
-7172 6612
-7173 6579
-7174 6545
-7175 6510
-7176 6474
-7177 6437
-7178 6399
-7179 6360
-7180 6320
-7181 6279
-7182 6237
-7183 6194
-7184 6150
-7185 6105
-7186 6059
-7187 6012
-7188 5964
-7189 5915
-7190 5865
-7191 5814
-7192 5762
-7193 5709
-7194 5655
-7195 5600
-7196 5544
-7197 5487
-7198 5429
-7199 5370
-7200 5310
-7201 5249
-7202 5187
-7203 5124
-7204 5060
-7205 4995
-7206 4929
-7207 4862
-7208 4794
-7209 4725
-7210 4655
-7211 4584
-7212 4512
-7213 4439
-7214 4365
-7215 4290
-7216 4214
-7217 4137
-7218 4059
-7219 3980
-7220 3900
-7221 3819
-7222 3737
-7223 3654
-7224 3570
-7225 3485
-7226 3399
-7227 3312
-7228 3224
-7229 3135
-7230 3045
-7231 2954
-7232 2862
-7233 2769
-7234 2675
-7235 2580
-7236 2484
-7237 2387
-7238 2289
-7239 2190
-7240 2090
-7241 1989
-7242 1887
-7243 1784
-7244 1680
-7245 1575
-7246 1469
-7247 1362
-7248 1254
-7249 1145
-7250 1035
-7251 924
-7252 812
-7253 699
-7254 585
-7255 470
-7256 354
-7257 237
-7258 119
7259 0
7258 119
7257 237
7256 354
7255 470
7254 585
7253 699
7252 812
7251 924
7250 1035
7249 1145
7248 1254
7247 1362
7246 1469
7245 1575
7244 1680
7243 1784
7242 1887
7241 1989
7240 2090
7239 2190
7238 2289
7237 2387
7236 2484
7235 2580
7234 2675
7233 2769
7232 2862
7231 2954
7230 3045
7229 3135
7228 3224
7227 3312
7226 3399
7225 3485
7224 3570
7223 3654
7222 3737
7221 3819
7220 3900
7219 3980
7218 4059
7217 4137
7216 4214
7215 4290
7214 4365
7213 4439
7212 4512
7211 4584
7210 4655
7209 4725
7208 4794
7207 4862
7206 4929
7205 4995
7204 5060
7203 5124
7202 5187
7201 5249
7200 5310
7199 5370
7198 5429
7197 5487
7196 5544
7195 5600
7194 5655
7193 5709
7192 5762
7191 5814
7190 5865
7189 5915
7188 5964
7187 6012
7186 6059
7185 6105
7184 6150
7183 6194
7182 6237
7181 6279
7180 6320
7179 6360
7178 6399
7177 6437
7176 6474
7175 6510
7174 6545
7173 6579
7172 6612
7171 6644
7170 6675
7169 6705
7168 6734
7167 6762
7166 6789
7165 6815
7164 6840
7163 6864
7162 6887
7161 6909
7160 6930
7159 6950
7158 6969
7157 6987
7156 7004
7155 7020
7154 7035
7153 7049
7152 7062
7151 7074
7150 7085
7149 7095
7148 7104
7147 7112
7146 7119
7145 7125
7144 7130
7143 7134
7142 7137
7141 7139
7139 7141
7137 7142
7134 7143
7130 7144
7125 7145
7119 7146
7112 7147
7104 7148
7095 7149
7085 7150
7074 7151
7062 7152
7049 7153
7035 7154
7020 7155
7004 7156
6987 7157
6969 7158
6950 7159
6930 7160
6909 7161
6887 7162
6864 7163
6840 7164
6815 7165
6789 7166
6762 7167
6734 7168
6705 7169
6675 7170
6644 7171
6612 7172
6579 7173
6545 7174
6510 7175
6474 7176
6437 7177
6399 7178
6360 7179
6320 7180
6279 7181
6237 7182
6194 7183
6150 7184
6105 7185
6059 7186
6012 7187
5964 7188
5915 7189
5865 7190
5814 7191
5762 7192
5709 7193
5655 7194
5600 7195
5544 7196
5487 7197
5429 7198
5370 7199
5310 7200
5249 7201
5187 7202
5124 7203
5060 7204
4995 7205
4929 7206
4862 7207
4794 7208
4725 7209
4655 7210
4584 7211
4512 7212
4439 7213
4365 7214
4290 7215
4214 7216
4137 7217
4059 7218
3980 7219
3900 7220
3819 7221
3737 7222
3654 7223
3570 7224
3485 7225
3399 7226
3312 7227
3224 7228
3135 7229
3045 7230
2954 7231
2862 7232
2769 7233
2675 7234
2580 7235
2484 7236
2387 7237
2289 7238
2190 7239
2090 7240
1989 7241
1887 7242
1784 7243
1680 7244
1575 7245
1469 7246
1362 7247
1254 7248
1145 7249
1035 7250
924 7251
812 7252
699 7253
585 7254
470 7255
354 7256
237 7257
119 7258
0 7259
-119 7258
-237 7257
-354 7256
-470 7255
-585 7254
-699 7253
-812 7252
-924 7251
-1035 7250
-1145 7249
-1254 7248
-1362 7247
-1469 7246
-1575 7245
-1680 7244
-1784 7243
-1887 7242
-1989 7241
-2090 7240
-2190 7239
-2289 7238
-2387 7237
-2484 7236
-2580 7235
-2675 7234
-2769 7233
-2862 7232
-2954 7231
-3045 7230
-3135 7229
-3224 7228
-3312 7227
-3399 7226
-3485 7225
-3570 7224
-3654 7223
-3737 7222
-3819 7221
-3900 7220
-3980 7219
-4059 7218
-4137 7217
-4214 7216
-4290 7215
-4365 7214
-4439 7213
-4512 7212
-4584 7211
-4655 7210
-4725 7209
-4794 7208
-4862 7207
-4929 7206
-4995 7205
-5060 7204
-5124 7203
-5187 7202
-5249 7201
-5310 7200
474 4 298 300
6950 7159
6930 7160
6909 7161
6887 7162
6864 7163
6840 7164
6815 7165
6789 7166
6762 7167
6734 7168
6705 7169
6675 7170
6644 7171
6612 7172
6579 7173
6545 7174
6510 7175
6474 7176
6437 7177
6399 7178
6360 7179
6320 7180
6279 7181
6237 7182
6194 7183
6150 7184
6105 7185
6059 7186
6012 7187
5964 7188
5915 7189
5865 7190
5814 7191
5762 7192
5709 7193
5655 7194
5600 7195
5544 7196
5487 7197
5429 7198
5370 7199
5310 7200
5249 7201
5187 7202
5124 7203
5060 7204
4995 7205
4929 7206
4862 7207
4794 7208
4725 7209
4655 7210
4584 7211
4512 7212
4439 7213
4365 7214
4290 7215
4214 7216
4137 7217
4059 7218
3980 7219
3900 7220
3819 7221
3737 7222
3654 7223
3570 7224
3485 7225
3399 7226
3312 7227
3224 7228
3135 7229
3045 7230
2954 7231
2862 7232
2769 7233
2675 7234
2580 7235
2484 7236
2387 7237
2289 7238
2190 7239
2090 7240
1989 7241
1887 7242
1784 7243
1680 7244
1575 7245
1469 7246
1362 7247
1254 7248
1145 7249
1035 7250
924 7251
812 7252
699 7253
585 7254
470 7255
354 7256
237 7257
119 7258
0 7259
-119 7258
-237 7257
-354 7256
-470 7255
-585 7254
-699 7253
-812 7252
-924 7251
-1035 7250
-1145 7249
-1254 7248
-1362 7247
-1469 7246
-1575 7245
-1680 7244
-1784 7243
-1887 7242
-1989 7241
-2090 7240
-2190 7239
-2289 7238
-2387 7237
-2484 7236
-2580 7235
-2675 7234
-2769 7233
-2862 7232
-2954 7231
-3045 7230
-3135 7229
-3224 7228
-3312 7227
-3399 7226
-3485 7225
-3570 7224
-3654 7223
-3737 7222
-3819 7221
-3900 7220
-3980 7219
-4059 7218
-4137 7217
-4214 7216
-4290 7215
-4365 7214
-4439 7213
-4512 7212
-4584 7211
-4655 7210
-4725 7209
-4794 7208
-4862 7207
-4929 7206
-4995 7205
-5060 7204
-5124 7203
-5187 7202
-5249 7201
-5310 7200
-5370 7199
-5429 7198
-5487 7197
-5544 7196
-5600 7195
-5655 7194
-5709 7193
-5762 7192
-5814 7191
-5865 7190
-5915 7189
-5964 7188
-6012 7187
-6059 7186
-6105 7185
-6150 7184
-6194 7183
-6237 7182
-6279 7181
-6320 7180
-6360 7179
-6399 7178
-6437 7177
-6474 7176
-6510 7175
-6545 7174
-6579 7173
-6612 7172
-6644 7171
-6675 7170
-6705 7169
-6734 7168
-6762 7167
-6789 7166
-6815 7165
-6840 7164
-6864 7163
-6887 7162
-6909 7161
-6930 7160
-6950 7159
-6969 7158
-6987 7157
-7004 7156
-7020 7155
-7035 7154
-7049 7153
-7062 7152
-7074 7151
-7085 7150
-7095 7149
-7104 7148
-7112 7147
-7119 7146
-7125 7145
-7130 7144
-7134 7143
-7137 7142
-7139 7141
-7141 7139
-7142 7137
-7143 7134
-7144 7130
-7145 7125
-7146 7119
-7147 7112
-7148 7104
-7149 7095
-7150 7085
-7151 7074
-7152 7062
-7153 7049
-7154 7035
-7155 7020
-7156 7004
-7157 6987
-7158 6969
-7159 6950
-7160 6930
-7161 6909
-7162 6887
-7163 6864
-7164 6840
-7165 6815
-7166 6789
-7167 6762
-7168 6734
-7169 6705
-7170 6675
-7171 6644
-7172 6612
-7173 6579
-7174 6545
-7175 6510
-7176 6474
-7177 6437
-7178 6399
-7179 6360
-7180 6320
-7181 6279
-7182 6237
-7183 6194
-7184 6150
-7185 6105
-7186 6059
-7187 6012
-7188 5964
-7189 5915
-7190 5865
-7191 5814
-7192 5762
-7193 5709
-7194 5655
-7195 5600
-7196 5544
-7197 5487
-7198 5429
-7199 5370
-7200 5310
-7201 5249
-7202 5187
-7203 5124
-7204 5060
-7205 4995
-7206 4929
-7207 4862
-7208 4794
-7209 4725
-7210 4655
-7211 4584
-7212 4512
-7213 4439
-7214 4365
-7215 4290
-7216 4214
-7217 4137
-7218 4059
-7219 3980
-7220 3900
-7221 3819
-7222 3737
-7223 3654
-7224 3570
-7225 3485
-7226 3399
-7227 3312
-7228 3224
-7229 3135
-7230 3045
-7231 2954
-7232 2862
-7233 2769
-7234 2675
-7235 2580
-7236 2484
-7237 2387
-7238 2289
-7239 2190
-7240 2090
-7241 1989
-7242 1887
-7243 1784
-7244 1680
-7245 1575
-7246 1469
-7247 1362
-7248 1254
-7249 1145
-7250 1035
-7251 924
-7252 812
-7253 699
-7254 585
-7255 470
-7256 354
-7257 237
-7258 119
7259 0
7258 119
7257 237
7256 354
7255 470
7254 585
7253 699
7252 812
7251 924
7250 1035
7249 1145
7248 1254
7247 1362
7246 1469
7245 1575
7244 1680
7243 1784
7242 1887
7241 1989
7240 2090
7239 2190
7238 2289
7237 2387
7236 2484
7235 2580
7234 2675
7233 2769
7232 2862
7231 2954
7230 3045
7229 3135
7228 3224
7227 3312
7226 3399
7225 3485
7224 3570
7223 3654
7222 3737
7221 3819
7220 3900
7219 3980
7218 4059
7217 4137
7216 4214
7215 4290
7214 4365
7213 4439
7212 4512
7211 4584
7210 4655
7209 4725
7208 4794
7207 4862
7206 4929
7205 4995
7204 5060
7203 5124
7202 5187
7201 5249
7200 5310
7199 5370
7198 5429
7197 5487
7196 5544
7195 5600
7194 5655
7193 5709
7192 5762
7191 5814
7190 5865
7189 5915
7188 5964
7187 6012
7186 6059
7185 6105
7184 6150
7183 6194
7182 6237
7181 6279
7180 6320
7179 6360
7178 6399
7177 6437
7176 6474
7175 6510
7174 6545
7173 6579
7172 6612
7171 6644
7170 6675
7169 6705
7168 6734
7167 6762
7166 6789
7165 6815
7164 6840
7163 6864
7162 6887
7161 6909
7160 6930
7159 6950
7158 6969
7157 6987
7156 7004
7155 7020
7154 7035
7153 7049
7152 7062
7151 7074
7150 7085
7149 7095
7148 7104
7147 7112
7146 7119
7145 7125
7144 7130
7143 7134
7142 7137
7141 7139
7139 7141
7137 7142
7134 7143
7130 7144
7125 7145
7119 7146
7112 7147
7104 7148
7095 7149
7085 7150
7074 7151
7062 7152
7049 7153
7035 7154
7020 7155
7004 7156
6987 7157
6969 7158
474 287 307 345
7233 2769
7232 2862
7231 2954
7230 3045
7229 3135
7228 3224
7227 3312
7226 3399
7225 3485
7224 3570
7223 3654
7222 3737
7221 3819
7220 3900
7219 3980
7218 4059
7217 4137
7216 4214
7215 4290
7214 4365
7213 4439
7212 4512
7211 4584
7210 4655
7209 4725
7208 4794
7207 4862
7206 4929
7205 4995
7204 5060
7203 5124
7202 5187
7201 5249
7200 5310
7199 5370
7198 5429
7197 5487
7196 5544
7195 5600
7194 5655
7193 5709
7192 5762
7191 5814
7190 5865
7189 5915
7188 5964
7187 6012
7186 6059
7185 6105
7184 6150
7183 6194
7182 6237
7181 6279
7180 6320
7179 6360
7178 6399
7177 6437
7176 6474
7175 6510
7174 6545
7173 6579
7172 6612
7171 6644
7170 6675
7169 6705
7168 6734
7167 6762
7166 6789
7165 6815
7164 6840
7163 6864
7162 6887
7161 6909
7160 6930
7159 6950
7158 6969
7157 6987
7156 7004
7155 7020
7154 7035
7153 7049
7152 7062
7151 7074
7150 7085
7149 7095
7148 7104
7147 7112
7146 7119
7145 7125
7144 7130
7143 7134
7142 7137
7141 7139
7139 7141
7137 7142
7134 7143
7130 7144
7125 7145
7119 7146
7112 7147
7104 7148
7095 7149
7085 7150
7074 7151
7062 7152
7049 7153
7035 7154
7020 7155
7004 7156
6987 7157
6969 7158
6950 7159
6930 7160
6909 7161
6887 7162
6864 7163
6840 7164
6815 7165
6789 7166
6762 7167
6734 7168
6705 7169
6675 7170
6644 7171
6612 7172
6579 7173
6545 7174
6510 7175
6474 7176
6437 7177
6399 7178
6360 7179
6320 7180
6279 7181
6237 7182
6194 7183
6150 7184
6105 7185
6059 7186
6012 7187
5964 7188
5915 7189
5865 7190
5814 7191
5762 7192
5709 7193
5655 7194
5600 7195
5544 7196
5487 7197
5429 7198
5370 7199
5310 7200
5249 7201
5187 7202
5124 7203
5060 7204
4995 7205
4929 7206
4862 7207
4794 7208
4725 7209
4655 7210
4584 7211
4512 7212
4439 7213
4365 7214
4290 7215
4214 7216
4137 7217
4059 7218
3980 7219
3900 7220
3819 7221
3737 7222
3654 7223
3570 7224
3485 7225
3399 7226
3312 7227
3224 7228
3135 7229
3045 7230
2954 7231
2862 7232
2769 7233
2675 7234
2580 7235
2484 7236
2387 7237
2289 7238
2190 7239
2090 7240
1989 7241
1887 7242
1784 7243
1680 7244
1575 7245
1469 7246
1362 7247
1254 7248
1145 7249
1035 7250
924 7251
812 7252
699 7253
585 7254
470 7255
354 7256
237 7257
119 7258
0 7259
-119 7258
-237 7257
-354 7256
-470 7255
-585 7254
-699 7253
-812 7252
-924 7251
-1035 7250
-1145 7249
-1254 7248
-1362 7247
-1469 7246
-1575 7245
-1680 7244
-1784 7243
-1887 7242
-1989 7241
-2090 7240
-2190 7239
-2289 7238
-2387 7237
-2484 7236
-2580 7235
-2675 7234
-2769 7233
-2862 7232
-2954 7231
-3045 7230
-3135 7229
-3224 7228
-3312 7227
-3399 7226
-3485 7225
-3570 7224
-3654 7223
-3737 7222
-3819 7221
-3900 7220
-3980 7219
-4059 7218
-4137 7217
-4214 7216
-4290 7215
-4365 7214
-4439 7213
-4512 7212
-4584 7211
-4655 7210
-4725 7209
-4794 7208
-4862 7207
-4929 7206
-4995 7205
-5060 7204
-5124 7203
-5187 7202
-5249 7201
-5310 7200
-5370 7199
-5429 7198
-5487 7197
-5544 7196
-5600 7195
-5655 7194
-5709 7193
-5762 7192
-5814 7191
-5865 7190
-5915 7189
-5964 7188
-6012 7187
-6059 7186
-6105 7185
-6150 7184
-6194 7183
-6237 7182
-6279 7181
-6320 7180
-6360 7179
-6399 7178
-6437 7177
-6474 7176
-6510 7175
-6545 7174
-6579 7173
-6612 7172
-6644 7171
-6675 7170
-6705 7169
-6734 7168
-6762 7167
-6789 7166
-6815 7165
-6840 7164
-6864 7163
-6887 7162
-6909 7161
-6930 7160
-6950 7159
-6969 7158
-6987 7157
-7004 7156
-7020 7155
-7035 7154
-7049 7153
-7062 7152
-7074 7151
-7085 7150
-7095 7149
-7104 7148
-7112 7147
-7119 7146
-7125 7145
-7130 7144
-7134 7143
-7137 7142
-7139 7141
-7141 7139
-7142 7137
-7143 7134
-7144 7130
-7145 7125
-7146 7119
-7147 7112
-7148 7104
-7149 7095
-7150 7085
-7151 7074
-7152 7062
-7153 7049
-7154 7035
-7155 7020
-7156 7004
-7157 6987
-7158 6969
-7159 6950
-7160 6930
-7161 6909
-7162 6887
-7163 6864
-7164 6840
-7165 6815
-7166 6789
-7167 6762
-7168 6734
-7169 6705
-7170 6675
-7171 6644
-7172 6612
-7173 6579
-7174 6545
-7175 6510
-7176 6474
-7177 6437
-7178 6399
-7179 6360
-7180 6320
-7181 6279
-7182 6237
-7183 6194
-7184 6150
-7185 6105
-7186 6059
-7187 6012
-7188 5964
-7189 5915
-7190 5865
-7191 5814
-7192 5762
-7193 5709
-7194 5655
-7195 5600
-7196 5544
-7197 5487
-7198 5429
-7199 5370
-7200 5310
-7201 5249
-7202 5187
-7203 5124
-7204 5060
-7205 4995
-7206 4929
-7207 4862
-7208 4794
-7209 4725
-7210 4655
-7211 4584
-7212 4512
-7213 4439
-7214 4365
-7215 4290
-7216 4214
-7217 4137
-7218 4059
-7219 3980
-7220 3900
-7221 3819
-7222 3737
-7223 3654
-7224 3570
-7225 3485
-7226 3399
-7227 3312
-7228 3224
-7229 3135
-7230 3045
-7231 2954
-7232 2862
-7233 2769
-7234 2675
-7235 2580
-7236 2484
-7237 2387
-7238 2289
-7239 2190
-7240 2090
-7241 1989
-7242 1887
-7243 1784
-7244 1680
-7245 1575
-7246 1469
-7247 1362
-7248 1254
-7249 1145
-7250 1035
-7251 924
-7252 812
-7253 699
-7254 585
-7255 470
-7256 354
-7257 237
-7258 119
7259 0
7258 119
7257 237
7256 354
7255 470
7254 585
7253 699
7252 812
7251 924
7250 1035
7249 1145
7248 1254
7247 1362
7246 1469
7245 1575
7244 1680
7243 1784
7242 1887
7241 1989
7240 2090
7239 2190
7238 2289
7237 2387
7236 2484
7235 2580
7234 2675
474 127 177 463
-1254 7248
-1362 7247
-1469 7246
-1575 7245
-1680 7244
-1784 7243
-1887 7242
-1989 7241
-2090 7240
-2190 7239
-2289 7238
-2387 7237
-2484 7236
-2580 7235
-2675 7234
-2769 7233
-2862 7232
-2954 7231
-3045 7230
-3135 7229
-3224 7228
-3312 7227
-3399 7226
-3485 7225
-3570 7224
-3654 7223
-3737 7222
-3819 7221
-3900 7220
-3980 7219
-4059 7218
-4137 7217
-4214 7216
-4290 7215
-4365 7214
-4439 7213
-4512 7212
-4584 7211
-4655 7210
-4725 7209
-4794 7208
-4862 7207
-4929 7206
-4995 7205
-5060 7204
-5124 7203
-5187 7202
-5249 7201
-5310 7200
-5370 7199
-5429 7198
-5487 7197
-5544 7196
-5600 7195
-5655 7194
-5709 7193
-5762 7192
-5814 7191
-5865 7190
-5915 7189
-5964 7188
-6012 7187
-6059 7186
-6105 7185
-6150 7184
-6194 7183
-6237 7182
-6279 7181
-6320 7180
-6360 7179
-6399 7178
-6437 7177
-6474 7176
-6510 7175
-6545 7174
-6579 7173
-6612 7172
-6644 7171
-6675 7170
-6705 7169
-6734 7168
-6762 7167
-6789 7166
-6815 7165
-6840 7164
-6864 7163
-6887 7162
-6909 7161
-6930 7160
-6950 7159
-6969 7158
-6987 7157
-7004 7156
-7020 7155
-7035 7154
-7049 7153
-7062 7152
-7074 7151
-7085 7150
-7095 7149
-7104 7148
-7112 7147
-7119 7146
-7125 7145
-7130 7144
-7134 7143
-7137 7142
-7139 7141
-7141 7139
-7142 7137
-7143 7134
-7144 7130
-7145 7125
-7146 7119
-7147 7112
-7148 7104
-7149 7095
-7150 7085
-7151 7074
-7152 7062
-7153 7049
-7154 7035
-7155 7020
-7156 7004
-7157 6987
-7158 6969
-7159 6950
-7160 6930
-7161 6909
-7162 6887
-7163 6864
-7164 6840
-7165 6815
-7166 6789
-7167 6762
-7168 6734
-7169 6705
-7170 6675
-7171 6644
-7172 6612
-7173 6579
-7174 6545
-7175 6510
-7176 6474
-7177 6437
-7178 6399
-7179 6360
-7180 6320
-7181 6279
-7182 6237
-7183 6194
-7184 6150
-7185 6105
-7186 6059
-7187 6012
-7188 5964
-7189 5915
-7190 5865
-7191 5814
-7192 5762
-7193 5709
-7194 5655
-7195 5600
-7196 5544
-7197 5487
-7198 5429
-7199 5370
-7200 5310
-7201 5249
-7202 5187
-7203 5124
-7204 5060
-7205 4995
-7206 4929
-7207 4862
-7208 4794
-7209 4725
-7210 4655
-7211 4584
-7212 4512
-7213 4439
-7214 4365
-7215 4290
-7216 4214
-7217 4137
-7218 4059
-7219 3980
-7220 3900
-7221 3819
-7222 3737
-7223 3654
-7224 3570
-7225 3485
-7226 3399
-7227 3312
-7228 3224
-7229 3135
-7230 3045
-7231 2954
-7232 2862
-7233 2769
-7234 2675
-7235 2580
-7236 2484
-7237 2387
-7238 2289
-7239 2190
-7240 2090
-7241 1989
-7242 1887
-7243 1784
-7244 1680
-7245 1575
-7246 1469
-7247 1362
-7248 1254
-7249 1145
-7250 1035
-7251 924
-7252 812
-7253 699
-7254 585
-7255 470
-7256 354
-7257 237
-7258 119
7259 0
7258 119
7257 237
7256 354
7255 470
7254 585
7253 699
7252 812
7251 924
7250 1035
7249 1145
7248 1254
7247 1362
7246 1469
7245 1575
7244 1680
7243 1784
7242 1887
7241 1989
7240 2090
7239 2190
7238 2289
7237 2387
7236 2484
7235 2580
7234 2675
7233 2769
7232 2862
7231 2954
7230 3045
7229 3135
7228 3224
7227 3312
7226 3399
7225 3485
7224 3570
7223 3654
7222 3737
7221 3819
7220 3900
7219 3980
7218 4059
7217 4137
7216 4214
7215 4290
7214 4365
7213 4439
7212 4512
7211 4584
7210 4655
7209 4725
7208 4794
7207 4862
7206 4929
7205 4995
7204 5060
7203 5124
7202 5187
7201 5249
7200 5310
7199 5370
7198 5429
7197 5487
7196 5544
7195 5600
7194 5655
7193 5709
7192 5762
7191 5814
7190 5865
7189 5915
7188 5964
7187 6012
7186 6059
7185 6105
7184 6150
7183 6194
7182 6237
7181 6279
7180 6320
7179 6360
7178 6399
7177 6437
7176 6474
7175 6510
7174 6545
7173 6579
7172 6612
7171 6644
7170 6675
7169 6705
7168 6734
7167 6762
7166 6789
7165 6815
7164 6840
7163 6864
7162 6887
7161 6909
7160 6930
7159 6950
7158 6969
7157 6987
7156 7004
7155 7020
7154 7035
7153 7049
7152 7062
7151 7074
7150 7085
7149 7095
7148 7104
7147 7112
7146 7119
7145 7125
7144 7130
7143 7134
7142 7137
7141 7139
7139 7141
7137 7142
7134 7143
7130 7144
7125 7145
7119 7146
7112 7147
7104 7148
7095 7149
7085 7150
7074 7151
7062 7152
7049 7153
7035 7154
7020 7155
7004 7156
6987 7157
6969 7158
6950 7159
6930 7160
6909 7161
6887 7162
6864 7163
6840 7164
6815 7165
6789 7166
6762 7167
6734 7168
6705 7169
6675 7170
6644 7171
6612 7172
6579 7173
6545 7174
6510 7175
6474 7176
6437 7177
6399 7178
6360 7179
6320 7180
6279 7181
6237 7182
6194 7183
6150 7184
6105 7185
6059 7186
6012 7187
5964 7188
5915 7189
5865 7190
5814 7191
5762 7192
5709 7193
5655 7194
5600 7195
5544 7196
5487 7197
5429 7198
5370 7199
5310 7200
5249 7201
5187 7202
5124 7203
5060 7204
4995 7205
4929 7206
4862 7207
4794 7208
4725 7209
4655 7210
4584 7211
4512 7212
4439 7213
4365 7214
4290 7215
4214 7216
4137 7217
4059 7218
3980 7219
3900 7220
3819 7221
3737 7222
3654 7223
3570 7224
3485 7225
3399 7226
3312 7227
3224 7228
3135 7229
3045 7230
2954 7231
2862 7232
2769 7233
2675 7234
2580 7235
2484 7236
2387 7237
2289 7238
2190 7239
2090 7240
1989 7241
1887 7242
1784 7243
1680 7244
1575 7245
1469 7246
1362 7247
1254 7248
1145 7249
1035 7250
924 7251
812 7252
699 7253
585 7254
470 7255
354 7256
237 7257
119 7258
0 7259
-119 7258
-237 7257
-354 7256
-470 7255
-585 7254
-699 7253
-812 7252
-924 7251
-1035 7250
-1145 7249
474 122 360 426
-7219 3980
-7220 3900
-7221 3819
-7222 3737
-7223 3654
-7224 3570
-7225 3485
-7226 3399
-7227 3312
-7228 3224
-7229 3135
-7230 3045
-7231 2954
-7232 2862
-7233 2769
-7234 2675
-7235 2580
-7236 2484
-7237 2387
-7238 2289
-7239 2190
-7240 2090
-7241 1989
-7242 1887
-7243 1784
-7244 1680
-7245 1575
-7246 1469
-7247 1362
-7248 1254
-7249 1145
-7250 1035
-7251 924
-7252 812
-7253 699
-7254 585
-7255 470
-7256 354
-7257 237
-7258 119
7259 0
7258 119
7257 237
7256 354
7255 470
7254 585
7253 699
7252 812
7251 924
7250 1035
7249 1145
7248 1254
7247 1362
7246 1469
7245 1575
7244 1680
7243 1784
7242 1887
7241 1989
7240 2090
7239 2190
7238 2289
7237 2387
7236 2484
7235 2580
7234 2675
7233 2769
7232 2862
7231 2954
7230 3045
7229 3135
7228 3224
7227 3312
7226 3399
7225 3485
7224 3570
7223 3654
7222 3737
7221 3819
7220 3900
7219 3980
7218 4059
7217 4137
7216 4214
7215 4290
7214 4365
7213 4439
7212 4512
7211 4584
7210 4655
7209 4725
7208 4794
7207 4862
7206 4929
7205 4995
7204 5060
7203 5124
7202 5187
7201 5249
7200 5310
7199 5370
7198 5429
7197 5487
7196 5544
7195 5600
7194 5655
7193 5709
7192 5762
7191 5814
7190 5865
7189 5915
7188 5964
7187 6012
7186 6059
7185 6105
7184 6150
7183 6194
7182 6237
7181 6279
7180 6320
7179 6360
7178 6399
7177 6437
7176 6474
7175 6510
7174 6545
7173 6579
7172 6612
7171 6644
7170 6675
7169 6705
7168 6734
7167 6762
7166 6789
7165 6815
7164 6840
7163 6864
7162 6887
7161 6909
7160 6930
7159 6950
7158 6969
7157 6987
7156 7004
7155 7020
7154 7035
7153 7049
7152 7062
7151 7074
7150 7085
7149 7095
7148 7104
7147 7112
7146 7119
7145 7125
7144 7130
7143 7134
7142 7137
7141 7139
7139 7141
7137 7142
7134 7143
7130 7144
7125 7145
7119 7146
7112 7147
7104 7148
7095 7149
7085 7150
7074 7151
7062 7152
7049 7153
7035 7154
7020 7155
7004 7156
6987 7157
6969 7158
6950 7159
6930 7160
6909 7161
6887 7162
6864 7163
6840 7164
6815 7165
6789 7166
6762 7167
6734 7168
6705 7169
6675 7170
6644 7171
6612 7172
6579 7173
6545 7174
6510 7175
6474 7176
6437 7177
6399 7178
6360 7179
6320 7180
6279 7181
6237 7182
6194 7183
6150 7184
6105 7185
6059 7186
6012 7187
5964 7188
5915 7189
5865 7190
5814 7191
5762 7192
5709 7193
5655 7194
5600 7195
5544 7196
5487 7197
5429 7198
5370 7199
5310 7200
5249 7201
5187 7202
5124 7203
5060 7204
4995 7205
4929 7206
4862 7207
4794 7208
4725 7209
4655 7210
4584 7211
4512 7212
4439 7213
4365 7214
4290 7215
4214 7216
4137 7217
4059 7218
3980 7219
3900 7220
3819 7221
3737 7222
3654 7223
3570 7224
3485 7225
3399 7226
3312 7227
3224 7228
3135 7229
3045 7230
2954 7231
2862 7232
2769 7233
2675 7234
2580 7235
2484 7236
2387 7237
2289 7238
2190 7239
2090 7240
1989 7241
1887 7242
1784 7243
1680 7244
1575 7245
1469 7246
1362 7247
1254 7248
1145 7249
1035 7250
924 7251
812 7252
699 7253
585 7254
470 7255
354 7256
237 7257
119 7258
0 7259
-119 7258
-237 7257
-354 7256
-470 7255
-585 7254
-699 7253
-812 7252
-924 7251
-1035 7250
-1145 7249
-1254 7248
-1362 7247
-1469 7246
-1575 7245
-1680 7244
-1784 7243
-1887 7242
-1989 7241
-2090 7240
-2190 7239
-2289 7238
-2387 7237
-2484 7236
-2580 7235
-2675 7234
-2769 7233
-2862 7232
-2954 7231
-3045 7230
-3135 7229
-3224 7228
-3312 7227
-3399 7226
-3485 7225
-3570 7224
-3654 7223
-3737 7222
-3819 7221
-3900 7220
-3980 7219
-4059 7218
-4137 7217
-4214 7216
-4290 7215
-4365 7214
-4439 7213
-4512 7212
-4584 7211
-4655 7210
-4725 7209
-4794 7208
-4862 7207
-4929 7206
-4995 7205
-5060 7204
-5124 7203
-5187 7202
-5249 7201
-5310 7200
-5370 7199
-5429 7198
-5487 7197
-5544 7196
-5600 7195
-5655 7194
-5709 7193
-5762 7192
-5814 7191
-5865 7190
-5915 7189
-5964 7188
-6012 7187
-6059 7186
-6105 7185
-6150 7184
-6194 7183
-6237 7182
-6279 7181
-6320 7180
-6360 7179
-6399 7178
-6437 7177
-6474 7176
-6510 7175
-6545 7174
-6579 7173
-6612 7172
-6644 7171
-6675 7170
-6705 7169
-6734 7168
-6762 7167
-6789 7166
-6815 7165
-6840 7164
-6864 7163
-6887 7162
-6909 7161
-6930 7160
-6950 7159
-6969 7158
-6987 7157
-7004 7156
-7020 7155
-7035 7154
-7049 7153
-7062 7152
-7074 7151
-7085 7150
-7095 7149
-7104 7148
-7112 7147
-7119 7146
-7125 7145
-7130 7144
-7134 7143
-7137 7142
-7139 7141
-7141 7139
-7142 7137
-7143 7134
-7144 7130
-7145 7125
-7146 7119
-7147 7112
-7148 7104
-7149 7095
-7150 7085
-7151 7074
-7152 7062
-7153 7049
-7154 7035
-7155 7020
-7156 7004
-7157 6987
-7158 6969
-7159 6950
-7160 6930
-7161 6909
-7162 6887
-7163 6864
-7164 6840
-7165 6815
-7166 6789
-7167 6762
-7168 6734
-7169 6705
-7170 6675
-7171 6644
-7172 6612
-7173 6579
-7174 6545
-7175 6510
-7176 6474
-7177 6437
-7178 6399
-7179 6360
-7180 6320
-7181 6279
-7182 6237
-7183 6194
-7184 6150
-7185 6105
-7186 6059
-7187 6012
-7188 5964
-7189 5915
-7190 5865
-7191 5814
-7192 5762
-7193 5709
-7194 5655
-7195 5600
-7196 5544
-7197 5487
-7198 5429
-7199 5370
-7200 5310
-7201 5249
-7202 5187
-7203 5124
-7204 5060
-7205 4995
-7206 4929
-7207 4862
-7208 4794
-7209 4725
-7210 4655
-7211 4584
-7212 4512
-7213 4439
-7214 4365
-7215 4290
-7216 4214
-7217 4137
-7218 4059
948 244 715 788
7165 6815
7164 6840
7163 6864
7162 6887
7161 6909
7160 6930
7159 6950
7158 6969
7157 6987
7156 7004
7155 7020
7154 7035
7153 7049
7152 7062
7151 7074
7150 7085
7149 7095
7148 7104
7147 7112
7146 7119
7145 7125
7144 7130
7143 7134
7142 7137
7141 7139
7139 7141
7137 7142
7134 7143
7130 7144
7125 7145
7119 7146
7112 7147
7104 7148
7095 7149
7085 7150
7074 7151
7062 7152
7049 7153
7035 7154
7020 7155
7004 7156
6987 7157
6969 7158
6950 7159
6930 7160
6909 7161
6887 7162
6864 7163
6840 7164
6815 7165
6789 7166
6762 7167
6734 7168
6705 7169
6675 7170
6644 7171
6612 7172
6579 7173
6545 7174
6510 7175
6474 7176
6437 7177
6399 7178
6360 7179
6320 7180
6279 7181
6237 7182
6194 7183
6150 7184
6105 7185
6059 7186
6012 7187
5964 7188
5915 7189
5865 7190
5814 7191
5762 7192
5709 7193
5655 7194
5600 7195
5544 7196
5487 7197
5429 7198
5370 7199
5310 7200
5249 7201
5187 7202
5124 7203
5060 7204
4995 7205
4929 7206
4862 7207
4794 7208
4725 7209
4655 7210
4584 7211
4512 7212
4439 7213
4365 7214
4290 7215
4214 7216
4137 7217
4059 7218
3980 7219
3900 7220
3819 7221
3737 7222
3654 7223
3570 7224
3485 7225
3399 7226
3312 7227
3224 7228
3135 7229
3045 7230
2954 7231
2862 7232
2769 7233
2675 7234
2580 7235
2484 7236
2387 7237
2289 7238
2190 7239
2090 7240
1989 7241
1887 7242
1784 7243
1680 7244
1575 7245
1469 7246
1362 7247
1254 7248
1145 7249
1035 7250
924 7251
812 7252
699 7253
585 7254
470 7255
354 7256
237 7257
119 7258
0 7259
-119 7258
-237 7257
-354 7256
-470 7255
-585 7254
-699 7253
-812 7252
-924 7251
-1035 7250
-1145 7249
-1254 7248
-1362 7247
-1469 7246
-1575 7245
-1680 7244
-1784 7243
-1887 7242
-1989 7241
-2090 7240
-2190 7239
-2289 7238
-2387 7237
-2484 7236
-2580 7235
-2675 7234
-2769 7233
-2862 7232
-2954 7231
-3045 7230
-3135 7229
-3224 7228
-3312 7227
-3399 7226
-3485 7225
-3570 7224
-3654 7223
-3737 7222
-3819 7221
-3900 7220
-3980 7219
-4059 7218
-4137 7217
-4214 7216
-4290 7215
-4365 7214
-4439 7213
-4512 7212
-4584 7211
-4655 7210
-4725 7209
-4794 7208
-4862 7207
-4929 7206
-4995 7205
-5060 7204
-5124 7203
-5187 7202
-5249 7201
-5310 7200
-5370 7199
-5429 7198
-5487 7197
-5544 7196
-5600 7195
-5655 7194
-5709 7193
-5762 7192
-5814 7191
-5865 7190
-5915 7189
-5964 7188
-6012 7187
-6059 7186
-6105 7185
-6150 7184
-6194 7183
-6237 7182
-6279 7181
-6320 7180
-6360 7179
-6399 7178
-6437 7177
-6474 7176
-6510 7175
-6545 7174
-6579 7173
-6612 7172
-6644 7171
-6675 7170
-6705 7169
-6734 7168
-6762 7167
-6789 7166
-6815 7165
-6840 7164
-6864 7163
-6887 7162
-6909 7161
-6930 7160
-6950 7159
-6969 7158
-6987 7157
-7004 7156
-7020 7155
-7035 7154
-7049 7153
-7062 7152
-7074 7151
-7085 7150
-7095 7149
-7104 7148
-7112 7147
-7119 7146
-7125 7145
-7130 7144
-7134 7143
-7137 7142
-7139 7141
-7141 7139
-7142 7137
-7143 7134
-7144 7130
-7145 7125
-7146 7119
-7147 7112
-7148 7104
-7149 7095
-7150 7085
-7151 7074
-7152 7062
-7153 7049
-7154 7035
-7155 7020
-7156 7004
-7157 6987
-7158 6969
-7159 6950
-7160 6930
-7161 6909
-7162 6887
-7163 6864
-7164 6840
-7165 6815
-7166 6789
-7167 6762
-7168 6734
-7169 6705
-7170 6675
-7171 6644
-7172 6612
-7173 6579
-7174 6545
-7175 6510
-7176 6474
-7177 6437
-7178 6399
-7179 6360
-7180 6320
-7181 6279
-7182 6237
-7183 6194
-7184 6150
-7185 6105
-7186 6059
-7187 6012
-7188 5964
-7189 5915
-7190 5865
-7191 5814
-7192 5762
-7193 5709
-7194 5655
-7195 5600
-7196 5544
-7197 5487
-7198 5429
-7199 5370
-7200 5310
-7201 5249
-7202 5187
-7203 5124
-7204 5060
-7205 4995
-7206 4929
-7207 4862
-7208 4794
-7209 4725
-7210 4655
-7211 4584
-7212 4512
-7213 4439
-7214 4365
-7215 4290
-7216 4214
-7217 4137
-7218 4059
-7219 3980
-7220 3900
-7221 3819
-7222 3737
-7223 3654
-7224 3570
-7225 3485
-7226 3399
-7227 3312
-7228 3224
-7229 3135
-7230 3045
-7231 2954
-7232 2862
-7233 2769
-7234 2675
-7235 2580
-7236 2484
-7237 2387
-7238 2289
-7239 2190
-7240 2090
-7241 1989
-7242 1887
-7243 1784
-7244 1680
-7245 1575
-7246 1469
-7247 1362
-7248 1254
-7249 1145
-7250 1035
-7251 924
-7252 812
-7253 699
-7254 585
-7255 470
-7256 354
-7257 237
-7258 119
-7259 0
-7258 -119
-7257 -237
-7256 -354
-7255 -470
-7254 -585
-7253 -699
-7252 -812
-7251 -924
-7250 -1035
-7249 -1145
-7248 -1254
-7247 -1362
-7246 -1469
-7245 -1575
-7244 -1680
-7243 -1784
-7242 -1887
-7241 -1989
-7240 -2090
-7239 -2190
-7238 -2289
-7237 -2387
-7236 -2484
-7235 -2580
-7234 -2675
-7233 -2769
-7232 -2862
-7231 -2954
-7230 -3045
-7229 -3135
-7228 -3224
-7227 -3312
-7226 -3399
-7225 -3485
-7224 -3570
-7223 -3654
-7222 -3737
-7221 -3819
-7220 -3900
-7219 -3980
-7218 -4059
-7217 -4137
-7216 -4214
-7215 -4290
-7214 -4365
-7213 -4439
-7212 -4512
-7211 -4584
-7210 -4655
-7209 -4725
-7208 -4794
-7207 -4862
-7206 -4929
-7205 -4995
-7204 -5060
-7203 -5124
-7202 -5187
-7201 -5249
-7200 -5310
-7199 -5370
-7198 -5429
-7197 -5487
-7196 -5544
-7195 -5600
-7194 -5655
-7193 -5709
-7192 -5762
-7191 -5814
-7190 -5865
-7189 -5915
-7188 -5964
-7187 -6012
-7186 -6059
-7185 -6105
-7184 -6150
-7183 -6194
-7182 -6237
-7181 -6279
-7180 -6320
-7179 -6360
-7178 -6399
-7177 -6437
-7176 -6474
-7175 -6510
-7174 -6545
-7173 -6579
-7172 -6612
-7171 -6644
-7170 -6675
-7169 -6705
-7168 -6734
-7167 -6762
-7166 -6789
-7165 -6815
-7164 -6840
-7163 -6864
-7162 -6887
-7161 -6909
-7160 -6930
-7159 -6950
-7158 -6969
-7157 -6987
-7156 -7004
-7155 -7020
-7154 -7035
-7153 -7049
-7152 -7062
-7151 -7074
-7150 -7085
-7149 -7095
-7148 -7104
-7147 -7112
-7146 -7119
-7145 -7125
-7144 -7130
-7143 -7134
-7142 -7137
-7141 -7139
-7139 -7141
-7137 -7142
-7134 -7143
-7130 -7144
-7125 -7145
-7119 -7146
-7112 -7147
-7104 -7148
-7095 -7149
-7085 -7150
-7074 -7151
-7062 -7152
-7049 -7153
-7035 -7154
-7020 -7155
-7004 -7156
-6987 -7157
-6969 -7158
-6950 -7159
-6930 -7160
-6909 -7161
-6887 -7162
-6864 -7163
-6840 -7164
-6815 -7165
-6789 -7166
-6762 -7167
-6734 -7168
-6705 -7169
-6675 -7170
-6644 -7171
-6612 -7172
-6579 -7173
-6545 -7174
-6510 -7175
-6474 -7176
-6437 -7177
-6399 -7178
-6360 -7179
-6320 -7180
-6279 -7181
-6237 -7182
-6194 -7183
-6150 -7184
-6105 -7185
-6059 -7186
-6012 -7187
-5964 -7188
-5915 -7189
-5865 -7190
-5814 -7191
-5762 -7192
-5709 -7193
-5655 -7194
-5600 -7195
-5544 -7196
-5487 -7197
-5429 -7198
-5370 -7199
-5310 -7200
-5249 -7201
-5187 -7202
-5124 -7203
-5060 -7204
-4995 -7205
-4929 -7206
-4862 -7207
-4794 -7208
-4725 -7209
-4655 -7210
-4584 -7211
-4512 -7212
-4439 -7213
-4365 -7214
-4290 -7215
-4214 -7216
-4137 -7217
-4059 -7218
-3980 -7219
-3900 -7220
-3819 -7221
-3737 -7222
-3654 -7223
-3570 -7224
-3485 -7225
-3399 -7226
-3312 -7227
-3224 -7228
-3135 -7229
-3045 -7230
-2954 -7231
-2862 -7232
-2769 -7233
-2675 -7234
-2580 -7235
-2484 -7236
-2387 -7237
-2289 -7238
-2190 -7239
-2090 -7240
-1989 -7241
-1887 -7242
-1784 -7243
-1680 -7244
-1575 -7245
-1469 -7246
-1362 -7247
-1254 -7248
-1145 -7249
-1035 -7250
-924 -7251
-812 -7252
-699 -7253
-585 -7254
-470 -7255
-354 -7256
-237 -7257
-119 -7258
0 -7259
119 -7258
237 -7257
354 -7256
470 -7255
585 -7254
699 -7253
812 -7252
924 -7251
1035 -7250
1145 -7249
1254 -7248
1362 -7247
1469 -7246
1575 -7245
1680 -7244
1784 -7243
1887 -7242
1989 -7241
2090 -7240
2190 -7239
2289 -7238
2387 -7237
2484 -7236
2580 -7235
2675 -7234
2769 -7233
2862 -7232
2954 -7231
3045 -7230
3135 -7229
3224 -7228
3312 -7227
3399 -7226
3485 -7225
3570 -7224
3654 -7223
3737 -7222
3819 -7221
3900 -7220
3980 -7219
4059 -7218
4137 -7217
4214 -7216
4290 -7215
4365 -7214
4439 -7213
4512 -7212
4584 -7211
4655 -7210
4725 -7209
4794 -7208
4862 -7207
4929 -7206
4995 -7205
5060 -7204
5124 -7203
5187 -7202
5249 -7201
5310 -7200
5370 -7199
5429 -7198
5487 -7197
5544 -7196
5600 -7195
5655 -7194
5709 -7193
5762 -7192
5814 -7191
5865 -7190
5915 -7189
5964 -7188
6012 -7187
6059 -7186
6105 -7185
6150 -7184
6194 -7183
6237 -7182
6279 -7181
6320 -7180
6360 -7179
6399 -7178
6437 -7177
6474 -7176
6510 -7175
6545 -7174
6579 -7173
6612 -7172
6644 -7171
6675 -7170
6705 -7169
6734 -7168
6762 -7167
6789 -7166
6815 -7165
6840 -7164
6864 -7163
6887 -7162
6909 -7161
6930 -7160
6950 -7159
6969 -7158
6987 -7157
7004 -7156
7020 -7155
7035 -7154
7049 -7153
7062 -7152
7074 -7151
7085 -7150
7095 -7149
7104 -7148
7112 -7147
7119 -7146
7125 -7145
7130 -7144
7134 -7143
7137 -7142
7139 -7141
7141 -7139
7142 -7137
7143 -7134
7144 -7130
7145 -7125
7146 -7119
7147 -7112
7148 -7104
7149 -7095
7150 -7085
7151 -7074
7152 -7062
7153 -7049
7154 -7035
7155 -7020
7156 -7004
7157 -6987
7158 -6969
7159 -6950
7160 -6930
7161 -6909
7162 -6887
7163 -6864
7164 -6840
7165 -6815
7166 -6789
7167 -6762
7168 -6734
7169 -6705
7170 -6675
7171 -6644
7172 -6612
7173 -6579
7174 -6545
7175 -6510
7176 -6474
7177 -6437
7178 -6399
7179 -6360
7180 -6320
7181 -6279
7182 -6237
7183 -6194
7184 -6150
7185 -6105
7186 -6059
7187 -6012
7188 -5964
7189 -5915
7190 -5865
7191 -5814
7192 -5762
7193 -5709
7194 -5655
7195 -5600
7196 -5544
7197 -5487
7198 -5429
7199 -5370
7200 -5310
7201 -5249
7202 -5187
7203 -5124
7204 -5060
7205 -4995
7206 -4929
7207 -4862
7208 -4794
7209 -4725
7210 -4655
7211 -4584
7212 -4512
7213 -4439
7214 -4365
7215 -4290
7216 -4214
7217 -4137
7218 -4059
7219 -3980
7220 -3900
7221 -3819
7222 -3737
7223 -3654
7224 -3570
7225 -3485
7226 -3399
7227 -3312
7228 -3224
7229 -3135
7230 -3045
7231 -2954
7232 -2862
7233 -2769
7234 -2675
7235 -2580
7236 -2484
7237 -2387
7238 -2289
7239 -2190
7240 -2090
7241 -1989
7242 -1887
7243 -1784
7244 -1680
7245 -1575
7246 -1469
7247 -1362
7248 -1254
7249 -1145
7250 -1035
7251 -924
7252 -812
7253 -699
7254 -585
7255 -470
7256 -354
7257 -237
7258 -119
7259 0
7258 119
7257 237
7256 354
7255 470
7254 585
7253 699
7252 812
7251 924
7250 1035
7249 1145
7248 1254
7247 1362
7246 1469
7245 1575
7244 1680
7243 1784
7242 1887
7241 1989
7240 2090
7239 2190
7238 2289
7237 2387
7236 2484
7235 2580
7234 2675
7233 2769
7232 2862
7231 2954
7230 3045
7229 3135
7228 3224
7227 3312
7226 3399
7225 3485
7224 3570
7223 3654
7222 3737
7221 3819
7220 3900
7219 3980
7218 4059
7217 4137
7216 4214
7215 4290
7214 4365
7213 4439
7212 4512
7211 4584
7210 4655
7209 4725
7208 4794
7207 4862
7206 4929
7205 4995
7204 5060
7203 5124
7202 5187
7201 5249
7200 5310
7199 5370
7198 5429
7197 5487
7196 5544
7195 5600
7194 5655
7193 5709
7192 5762
7191 5814
7190 5865
7189 5915
7188 5964
7187 6012
7186 6059
7185 6105
7184 6150
7183 6194
7182 6237
7181 6279
7180 6320
7179 6360
7178 6399
7177 6437
7176 6474
7175 6510
7174 6545
7173 6579
7172 6612
7171 6644
7170 6675
7169 6705
7168 6734
7167 6762
7166 6789
948 37 207 354
-6545 -7174
-6510 -7175
-6474 -7176
-6437 -7177
-6399 -7178
-6360 -7179
-6320 -7180
-6279 -7181
-6237 -7182
-6194 -7183
-6150 -7184
-6105 -7185
-6059 -7186
-6012 -7187
-5964 -7188
-5915 -7189
-5865 -7190
-5814 -7191
-5762 -7192
-5709 -7193
-5655 -7194
-5600 -7195
-5544 -7196
-5487 -7197
-5429 -7198
-5370 -7199
-5310 -7200
-5249 -7201
-5187 -7202
-5124 -7203
-5060 -7204
-4995 -7205
-4929 -7206
-4862 -7207
-4794 -7208
-4725 -7209
-4655 -7210
-4584 -7211
-4512 -7212
-4439 -7213
-4365 -7214
-4290 -7215
-4214 -7216
-4137 -7217
-4059 -7218
-3980 -7219
-3900 -7220
-3819 -7221
-3737 -7222
-3654 -7223
-3570 -7224
-3485 -7225
-3399 -7226
-3312 -7227
-3224 -7228
-3135 -7229
-3045 -7230
-2954 -7231
-2862 -7232
-2769 -7233
-2675 -7234
-2580 -7235
-2484 -7236
-2387 -7237
-2289 -7238
-2190 -7239
-2090 -7240
-1989 -7241
-1887 -7242
-1784 -7243
-1680 -7244
-1575 -7245
-1469 -7246
-1362 -7247
-1254 -7248
-1145 -7249
-1035 -7250
-924 -7251
-812 -7252
-699 -7253
-585 -7254
-470 -7255
-354 -7256
-237 -7257
-119 -7258
0 -7259
119 -7258
237 -7257
354 -7256
470 -7255
585 -7254
699 -7253
812 -7252
924 -7251
1035 -7250
1145 -7249
1254 -7248
1362 -7247
1469 -7246
1575 -7245
1680 -7244
1784 -7243
1887 -7242
1989 -7241
2090 -7240
2190 -7239
2289 -7238
2387 -7237
2484 -7236
2580 -7235
2675 -7234
2769 -7233
2862 -7232
2954 -7231
3045 -7230
3135 -7229
3224 -7228
3312 -7227
3399 -7226
3485 -7225
3570 -7224
3654 -7223
3737 -7222
3819 -7221
3900 -7220
3980 -7219
4059 -7218
4137 -7217
4214 -7216
4290 -7215
4365 -7214
4439 -7213
4512 -7212
4584 -7211
4655 -7210
4725 -7209
4794 -7208
4862 -7207
4929 -7206
4995 -7205
5060 -7204
5124 -7203
5187 -7202
5249 -7201
5310 -7200
5370 -7199
5429 -7198
5487 -7197
5544 -7196
5600 -7195
5655 -7194
5709 -7193
5762 -7192
5814 -7191
5865 -7190
5915 -7189
5964 -7188
6012 -7187
6059 -7186
6105 -7185
6150 -7184
6194 -7183
6237 -7182
6279 -7181
6320 -7180
6360 -7179
6399 -7178
6437 -7177
6474 -7176
6510 -7175
6545 -7174
6579 -7173
6612 -7172
6644 -7171
6675 -7170
6705 -7169
6734 -7168
6762 -7167
6789 -7166
6815 -7165
6840 -7164
6864 -7163
6887 -7162
6909 -7161
6930 -7160
6950 -7159
6969 -7158
6987 -7157
7004 -7156
7020 -7155
7035 -7154
7049 -7153
7062 -7152
7074 -7151
7085 -7150
7095 -7149
7104 -7148
7112 -7147
7119 -7146
7125 -7145
7130 -7144
7134 -7143
7137 -7142
7139 -7141
7141 -7139
7142 -7137
7143 -7134
7144 -7130
7145 -7125
7146 -7119
7147 -7112
7148 -7104
7149 -7095
7150 -7085
7151 -7074
7152 -7062
7153 -7049
7154 -7035
7155 -7020
7156 -7004
7157 -6987
7158 -6969
7159 -6950
7160 -6930
7161 -6909
7162 -6887
7163 -6864
7164 -6840
7165 -6815
7166 -6789
7167 -6762
7168 -6734
7169 -6705
7170 -6675
7171 -6644
7172 -6612
7173 -6579
7174 -6545
7175 -6510
7176 -6474
7177 -6437
7178 -6399
7179 -6360
7180 -6320
7181 -6279
7182 -6237
7183 -6194
7184 -6150
7185 -6105
7186 -6059
7187 -6012
7188 -5964
7189 -5915
7190 -5865
7191 -5814
7192 -5762
7193 -5709
7194 -5655
7195 -5600
7196 -5544
7197 -5487
7198 -5429
7199 -5370
7200 -5310
7201 -5249
7202 -5187
7203 -5124
7204 -5060
7205 -4995
7206 -4929
7207 -4862
7208 -4794
7209 -4725
7210 -4655
7211 -4584
7212 -4512
7213 -4439
7214 -4365
7215 -4290
7216 -4214
7217 -4137
7218 -4059
7219 -3980
7220 -3900
7221 -3819
7222 -3737
7223 -3654
7224 -3570
7225 -3485
7226 -3399
7227 -3312
7228 -3224
7229 -3135
7230 -3045
7231 -2954
7232 -2862
7233 -2769
7234 -2675
7235 -2580
7236 -2484
7237 -2387
7238 -2289
7239 -2190
7240 -2090
7241 -1989
7242 -1887
7243 -1784
7244 -1680
7245 -1575
7246 -1469
7247 -1362
7248 -1254
7249 -1145
7250 -1035
7251 -924
7252 -812
7253 -699
7254 -585
7255 -470
7256 -354
7257 -237
7258 -119
7259 0
7258 119
7257 237
7256 354
7255 470
7254 585
7253 699
7252 812
7251 924
7250 1035
7249 1145
7248 1254
7247 1362
7246 1469
7245 1575
7244 1680
7243 1784
7242 1887
7241 1989
7240 2090
7239 2190
7238 2289
7237 2387
7236 2484
7235 2580
7234 2675
7233 2769
7232 2862
7231 2954
7230 3045
7229 3135
7228 3224
7227 3312
7226 3399
7225 3485
7224 3570
7223 3654
7222 3737
7221 3819
7220 3900
7219 3980
7218 4059
7217 4137
7216 4214
7215 4290
7214 4365
7213 4439
7212 4512
7211 4584
7210 4655
7209 4725
7208 4794
7207 4862
7206 4929
7205 4995
7204 5060
7203 5124
7202 5187
7201 5249
7200 5310
7199 5370
7198 5429
7197 5487
7196 5544
7195 5600
7194 5655
7193 5709
7192 5762
7191 5814
7190 5865
7189 5915
7188 5964
7187 6012
7186 6059
7185 6105
7184 6150
7183 6194
7182 6237
7181 6279
7180 6320
7179 6360
7178 6399
7177 6437
7176 6474
7175 6510
7174 6545
7173 6579
7172 6612
7171 6644
7170 6675
7169 6705
7168 6734
7167 6762
7166 6789
7165 6815
7164 6840
7163 6864
7162 6887
7161 6909
7160 6930
7159 6950
7158 6969
7157 6987
7156 7004
7155 7020
7154 7035
7153 7049
7152 7062
7151 7074
7150 7085
7149 7095
7148 7104
7147 7112
7146 7119
7145 7125
7144 7130
7143 7134
7142 7137
7141 7139
7139 7141
7137 7142
7134 7143
7130 7144
7125 7145
7119 7146
7112 7147
7104 7148
7095 7149
7085 7150
7074 7151
7062 7152
7049 7153
7035 7154
7020 7155
7004 7156
6987 7157
6969 7158
6950 7159
6930 7160
6909 7161
6887 7162
6864 7163
6840 7164
6815 7165
6789 7166
6762 7167
6734 7168
6705 7169
6675 7170
6644 7171
6612 7172
6579 7173
6545 7174
6510 7175
6474 7176
6437 7177
6399 7178
6360 7179
6320 7180
6279 7181
6237 7182
6194 7183
6150 7184
6105 7185
6059 7186
6012 7187
5964 7188
5915 7189
5865 7190
5814 7191
5762 7192
5709 7193
5655 7194
5600 7195
5544 7196
5487 7197
5429 7198
5370 7199
5310 7200
5249 7201
5187 7202
5124 7203
5060 7204
4995 7205
4929 7206
4862 7207
4794 7208
4725 7209
4655 7210
4584 7211
4512 7212
4439 7213
4365 7214
4290 7215
4214 7216
4137 7217
4059 7218
3980 7219
3900 7220
3819 7221
3737 7222
3654 7223
3570 7224
3485 7225
3399 7226
3312 7227
3224 7228
3135 7229
3045 7230
2954 7231
2862 7232
2769 7233
2675 7234
2580 7235
2484 7236
2387 7237
2289 7238
2190 7239
2090 7240
1989 7241
1887 7242
1784 7243
1680 7244
1575 7245
1469 7246
1362 7247
1254 7248
1145 7249
1035 7250
924 7251
812 7252
699 7253
585 7254
470 7255
354 7256
237 7257
119 7258
0 7259
-119 7258
-237 7257
-354 7256
-470 7255
-585 7254
-699 7253
-812 7252
-924 7251
-1035 7250
-1145 7249
-1254 7248
-1362 7247
-1469 7246
-1575 7245
-1680 7244
-1784 7243
-1887 7242
-1989 7241
-2090 7240
-2190 7239
-2289 7238
-2387 7237
-2484 7236
-2580 7235
-2675 7234
-2769 7233
-2862 7232
-2954 7231
-3045 7230
-3135 7229
-3224 7228
-3312 7227
-3399 7226
-3485 7225
-3570 7224
-3654 7223
-3737 7222
-3819 7221
-3900 7220
-3980 7219
-4059 7218
-4137 7217
-4214 7216
-4290 7215
-4365 7214
-4439 7213
-4512 7212
-4584 7211
-4655 7210
-4725 7209
-4794 7208
-4862 7207
-4929 7206
-4995 7205
-5060 7204
-5124 7203
-5187 7202
-5249 7201
-5310 7200
-5370 7199
-5429 7198
-5487 7197
-5544 7196
-5600 7195
-5655 7194
-5709 7193
-5762 7192
-5814 7191
-5865 7190
-5915 7189
-5964 7188
-6012 7187
-6059 7186
-6105 7185
-6150 7184
-6194 7183
-6237 7182
-6279 7181
-6320 7180
-6360 7179
-6399 7178
-6437 7177
-6474 7176
-6510 7175
-6545 7174
-6579 7173
-6612 7172
-6644 7171
-6675 7170
-6705 7169
-6734 7168
-6762 7167
-6789 7166
-6815 7165
-6840 7164
-6864 7163
-6887 7162
-6909 7161
-6930 7160
-6950 7159
-6969 7158
-6987 7157
-7004 7156
-7020 7155
-7035 7154
-7049 7153
-7062 7152
-7074 7151
-7085 7150
-7095 7149
-7104 7148
-7112 7147
-7119 7146
-7125 7145
-7130 7144
-7134 7143
-7137 7142
-7139 7141
-7141 7139
-7142 7137
-7143 7134
-7144 7130
-7145 7125
-7146 7119
-7147 7112
-7148 7104
-7149 7095
-7150 7085
-7151 7074
-7152 7062
-7153 7049
-7154 7035
-7155 7020
-7156 7004
-7157 6987
-7158 6969
-7159 6950
-7160 6930
-7161 6909
-7162 6887
-7163 6864
-7164 6840
-7165 6815
-7166 6789
-7167 6762
-7168 6734
-7169 6705
-7170 6675
-7171 6644
-7172 6612
-7173 6579
-7174 6545
-7175 6510
-7176 6474
-7177 6437
-7178 6399
-7179 6360
-7180 6320
-7181 6279
-7182 6237
-7183 6194
-7184 6150
-7185 6105
-7186 6059
-7187 6012
-7188 5964
-7189 5915
-7190 5865
-7191 5814
-7192 5762
-7193 5709
-7194 5655
-7195 5600
-7196 5544
-7197 5487
-7198 5429
-7199 5370
-7200 5310
-7201 5249
-7202 5187
-7203 5124
-7204 5060
-7205 4995
-7206 4929
-7207 4862
-7208 4794
-7209 4725
-7210 4655
-7211 4584
-7212 4512
-7213 4439
-7214 4365
-7215 4290
-7216 4214
-7217 4137
-7218 4059
-7219 3980
-7220 3900
-7221 3819
-7222 3737
-7223 3654
-7224 3570
-7225 3485
-7226 3399
-7227 3312
-7228 3224
-7229 3135
-7230 3045
-7231 2954
-7232 2862
-7233 2769
-7234 2675
-7235 2580
-7236 2484
-7237 2387
-7238 2289
-7239 2190
-7240 2090
-7241 1989
-7242 1887
-7243 1784
-7244 1680
-7245 1575
-7246 1469
-7247 1362
-7248 1254
-7249 1145
-7250 1035
-7251 924
-7252 812
-7253 699
-7254 585
-7255 470
-7256 354
-7257 237
-7258 119
-7259 0
-7258 -119
-7257 -237
-7256 -354
-7255 -470
-7254 -585
-7253 -699
-7252 -812
-7251 -924
-7250 -1035
-7249 -1145
-7248 -1254
-7247 -1362
-7246 -1469
-7245 -1575
-7244 -1680
-7243 -1784
-7242 -1887
-7241 -1989
-7240 -2090
-7239 -2190
-7238 -2289
-7237 -2387
-7236 -2484
-7235 -2580
-7234 -2675
-7233 -2769
-7232 -2862
-7231 -2954
-7230 -3045
-7229 -3135
-7228 -3224
-7227 -3312
-7226 -3399
-7225 -3485
-7224 -3570
-7223 -3654
-7222 -3737
-7221 -3819
-7220 -3900
-7219 -3980
-7218 -4059
-7217 -4137
-7216 -4214
-7215 -4290
-7214 -4365
-7213 -4439
-7212 -4512
-7211 -4584
-7210 -4655
-7209 -4725
-7208 -4794
-7207 -4862
-7206 -4929
-7205 -4995
-7204 -5060
-7203 -5124
-7202 -5187
-7201 -5249
-7200 -5310
-7199 -5370
-7198 -5429
-7197 -5487
-7196 -5544
-7195 -5600
-7194 -5655
-7193 -5709
-7192 -5762
-7191 -5814
-7190 -5865
-7189 -5915
-7188 -5964
-7187 -6012
-7186 -6059
-7185 -6105
-7184 -6150
-7183 -6194
-7182 -6237
-7181 -6279
-7180 -6320
-7179 -6360
-7178 -6399
-7177 -6437
-7176 -6474
-7175 -6510
-7174 -6545
-7173 -6579
-7172 -6612
-7171 -6644
-7170 -6675
-7169 -6705
-7168 -6734
-7167 -6762
-7166 -6789
-7165 -6815
-7164 -6840
-7163 -6864
-7162 -6887
-7161 -6909
-7160 -6930
-7159 -6950
-7158 -6969
-7157 -6987
-7156 -7004
-7155 -7020
-7154 -7035
-7153 -7049
-7152 -7062
-7151 -7074
-7150 -7085
-7149 -7095
-7148 -7104
-7147 -7112
-7146 -7119
-7145 -7125
-7144 -7130
-7143 -7134
-7142 -7137
-7141 -7139
-7139 -7141
-7137 -7142
-7134 -7143
-7130 -7144
-7125 -7145
-7119 -7146
-7112 -7147
-7104 -7148
-7095 -7149
-7085 -7150
-7074 -7151
-7062 -7152
-7049 -7153
-7035 -7154
-7020 -7155
-7004 -7156
-6987 -7157
-6969 -7158
-6950 -7159
-6930 -7160
-6909 -7161
-6887 -7162
-6864 -7163
-6840 -7164
-6815 -7165
-6789 -7166
-6762 -7167
-6734 -7168
-6705 -7169
-6675 -7170
-6644 -7171
-6612 -7172
-6579 -7173
22 11 13 16
9260 -9997
9798 -8803
9958 -8310
9989 -6238
9998 -752
9997 1550
9980 8547
9798 9787
9366 9872
8650 9956
6069 9988
-6064 9996
-9344 9984
-9667 9875
-9990 7886
-9978 -657
-9924 -7264
-9912 -7445
-9661 -9654
-9529 -9918
-8443 -9967
-5938 -9998
12 2 5 12
7729 -9963
9469 -9695
9887 -7000
9995 8704
7995 9963
-4203 9972
-8837 9891
-9747 9038
-9976 -4264
-9925 -6767
-9315 -9069
-8847 -9973
18 5 8 10
8887 -9883
9351 -8457
9728 -6044
9996 -4042
9990 -1726
9886 8164
9833 9062
9777 9234
8667 9901
2862 9974
-673 9995
-9290 9955
-9958 9395
-9967 685
-9949 -9744
-8656 -9850
-5840 -9997
6447 -9988
22 3 9 20
9706 -9930
9960 -9854
9991 -7424
10000 -4869
9993 6498
9984 9296
9674 9940
9603 9949
8692 9991
2776 10000
-6389 9980
-9997 9884
-9998 -6640
-9956 -9355
-9887 -9816
-9881 -9855
-9578 -9925
-9043 -9978
-8732 -9995
-8522 -10000
6019 -9993
6950 -9990
23 2 5 22
9997 6177
9986 9601
9403 9939
9138 9990
6696 9994
1920 9997
-7687 9994
-8156 9982
-9572 9909
-9862 9852
-9924 9522
-9970 8680
-9981 6927
-9998 3792
-9995 -6274
-9983 -9986
-2040 -9993
3224 -9994
4294 -9994
9863 -9987
9939 -9901
9973 -9026
9978 -7663
9 1 3 8
8414 9991
-5977 9324
-7818 8727
-9940 4142
-9413 -7513
-4979 -8750
-1619 -9681
6069 -9510
9453 5172
7 2 3 7
-9888 9703
-9192 -3487
-8665 -7569
589 -9931
9829 -6131
7516 9838
1239 9855
6 1 3 5
-7807 -9417
4417 -9965
7711 -6751
8914 406
-8684 6329
-9108 -6209
4 1 2 3
-9987 2806
9470 -5316
8444 -1206
5286 5327
7 3 5 6
5108 -9808
9889 -9549
9224 5616
8896 9639
-9324 5464
-8835 -9703
-2157 -9872
0 0 0 0
